4S,6D,6K,11R,20R,21I,35I,35L,35M,35T,39A,41L,43E,43N,43Q,44A,44D,48T,49R,50V,53D,60I,62V,64R,65R,67G,67N,68G,69D,69N,69S,70R,74I,74V,75I,75M,75T,77L,83K,88C,90I,98G,98S,100I,101E,101Q,101R,102Q,102R,103N,103R,104N,104R,106A,106I,108I,115F,116Y,118I,121H,121Y,122E,122P,123E,123N,123S,135L,135M,135R,135T,135V,138A,142T,142V,151M,158S,162A,162C,162D,162N,162Y,165I,166R,169D,173E,173N,173Q,173R,174H,174K,174R,177E,177G,177N,178L,178M,178V,179D,179I,181C,184I,184V,188L,189I,190A,190S,195L,196E,197E,197K,200A,200E,200I,202V,203D,203K,204D,207A,207D,207E,207H,207K,208Y,210F,210W,211A,211G,211Q,211S,211T,214L,215D,215F,215I,215S,215Y,218E,219E,219N,219Q,219R,221Y,223E,223Q,225H,227L,228H,228R,237E,238T
4S,0,28,8,0,99,0,22,5,15,3,45,128,37,0,0,0,36,23,12,0,7,54,8,5,12,14,128,29,52,21,5,100,13,54,10,18,0,5,21,0,32,20,43,44,28,16,0,24,15,112,8,0,0,0,0,28,10,5,82,17,0,82,15,80,0,0,29,11,5,26,32,15,6,31,5,17,17,5,18,0,25,0,26,7,0,7,0,0,0,5,16,86,0,0,13,48,1,10,53,44,7,168,14,23,12,12,12,49,6,0,84,0,13,44,19,24,0,5,15,58,0,0,34,0,81,5,4,0,0,21,59,0,44,9,0,128,38,22,3,56,13,7,9,0,0,0,73,0,9,0
6D,26,0,0,34,131,0,108,4,30,13,84,332,82,9,40,11,100,7,74,26,8,139,26,23,14,13,214,63,25,39,21,165,43,38,7,12,0,12,187,9,9,20,77,50,35,22,10,32,29,140,25,22,8,6,10,32,0,7,155,9,14,247,40,326,17,0,27,24,30,296,95,31,9,135,7,38,55,151,6,12,45,11,70,69,15,14,11,9,8,24,3,171,0,0,61,94,12,30,67,55,0,310,0,3,32,6,5,148,6,9,96,19,328,115,49,58,4,0,57,270,0,24,70,32,207,10,9,12,0,21,125,8,61,0,6,307,40,34,35,108,8,26,8,8,7,6,56,22,14,2
6K,7,0,0,6,45,0,5,13,38,35,12,120,22,0,14,22,31,0,9,0,0,67,28,26,21,0,138,20,43,3,7,70,4,59,0,27,0,0,27,7,15,38,23,29,0,17,8,8,9,136,24,3,0,7,7,36,6,0,77,0,3,319,9,46,14,8,12,15,0,86,67,0,33,37,0,0,38,55,0,0,27,6,12,33,7,0,0,7,0,0,19,58,6,0,3,32,0,19,28,51,0,215,13,12,63,8,0,105,5,7,126,0,42,31,20,22,7,0,0,104,0,12,26,0,95,12,6,0,11,0,71,18,31,0,0,90,16,27,0,31,0,21,6,4,0,15,31,0,15,7
11R,0,35,7,0,127,12,60,17,15,6,42,142,37,0,28,11,7,20,36,4,18,61,0,6,9,8,81,43,13,43,7,88,24,53,9,9,4,0,156,0,43,8,61,12,23,6,0,7,21,66,14,5,11,0,0,19,8,0,31,0,16,141,27,74,25,5,15,0,0,118,40,0,20,45,9,24,23,38,0,14,31,19,74,46,4,3,4,3,0,7,0,86,14,4,13,43,5,0,26,64,0,172,0,0,41,0,8,81,0,0,134,8,107,99,24,14,5,5,2,90,6,8,0,5,78,7,14,14,0,3,93,6,18,6,0,118,32,22,5,49,6,13,0,0,4,0,20,22,0,0
20R,86,125,42,109,0,68,505,165,168,188,438,1542,356,97,142,78,373,56,254,55,23,823,99,112,70,123,1510,167,397,412,121,1147,221,355,74,90,78,43,505,20,111,128,320,141,158,86,73,129,139,834,126,107,112,38,52,201,70,54,833,46,64,1463,77,771,109,21,48,62,45,1040,467,175,48,212,100,120,101,413,55,54,133,150,362,166,64,10,25,54,38,73,59,744,48,20,221,351,24,90,294,519,33,1685,50,58,220,39,18,793,81,20,697,34,224,409,217,244,19,39,32,706,24,50,457,19,950,59,57,60,33,30,822,34,564,71,57,1378,340,157,135,847,118,208,73,80,21,47,368,126,35,76
21I,0,0,0,12,78,0,105,11,12,8,84,227,104,4,8,38,52,13,41,7,14,57,20,0,3,3,126,7,62,17,12,36,3,21,9,55,11,30,70,12,17,4,62,17,12,22,9,18,17,46,21,0,35,6,14,15,18,9,129,4,19,196,7,65,30,0,0,12,13,134,44,14,11,39,16,24,26,118,0,5,13,0,20,19,9,4,10,22,9,12,7,143,0,0,27,67,0,0,16,81,6,267,8,1,35,7,0,131,11,14,58,19,43,30,16,38,0,5,0,81,6,9,83,0,175,9,9,0,7,0,50,0,27,3,6,218,41,13,16,17,22,27,30,11,0,6,32,34,0,8
35I,18,104,4,53,523,97,0,0,0,0,304,886,175,78,113,31,248,76,129,66,35,358,60,90,69,33,752,304,214,160,32,453,43,243,57,47,8,70,1089,34,93,112,314,50,90,83,35,147,71,447,94,31,51,53,84,114,44,93,496,40,91,1098,105,746,128,26,72,45,72,1019,268,40,36,176,113,120,76,280,26,21,29,83,227,173,58,50,67,36,5,43,94,601,31,21,259,305,40,63,117,311,36,832,46,51,175,30,8,637,41,8,644,55,144,294,83,156,39,63,35,521,41,57,300,31,723,10,54,31,9,42,474,14,197,31,34,889,179,100,83,277,79,101,43,65,5,36,203,96,10,15
35L,5,4,14,17,185,11,0,0,0,0,157,339,85,20,30,5,106,0,23,31,11,42,45,14,37,4,342,48,93,26,22,164,74,73,17,20,0,19,174,2,24,17,33,52,44,14,29,6,8,140,31,45,9,0,22,68,4,12,176,20,20,388,12,158,31,0,15,19,13,121,93,25,6,5,12,63,18,76,12,3,5,7,51,58,43,3,17,17,0,27,12,175,3,9,83,102,0,18,28,125,5,291,27,3,64,24,0,200,15,6,154,0,16,66,28,56,7,0,13,155,6,14,98,8,235,22,13,9,7,0,120,0,110,8,7,295,55,30,27,155,51,71,31,22,0,18,81,21,19,7
35M,14,30,34,12,169,11,0,0,0,0,285,454,142,33,58,25,162,10,27,24,11,124,15,46,36,29,462,57,128,77,11,260,62,95,30,32,16,21,344,17,26,63,99,43,34,25,0,25,25,254,66,62,9,21,13,59,21,26,251,23,0,489,25,266,55,5,18,26,0,228,73,17,4,31,31,69,19,105,26,8,16,25,91,87,10,0,2,0,10,13,18,215,1,12,93,93,0,20,42,177,18,409,19,18,77,47,28,217,6,22,245,13,57,131,44,75,25,12,23,200,19,21,151,0,338,11,13,15,9,13,147,8,98,9,18,399,94,27,49,205,21,42,41,14,2,4,171,13,4,26
35T,3,13,34,6,183,8,0,0,0,0,216,398,38,5,10,20,78,16,110,0,0,429,21,32,16,6,404,43,67,77,25,309,33,68,11,57,4,12,179,0,49,31,90,0,19,37,0,39,23,229,19,12,22,13,6,23,16,4,143,44,23,512,79,312,54,35,28,13,40,377,139,36,23,81,14,39,52,128,51,15,30,38,163,94,18,4,34,0,5,47,36,322,9,9,142,177,15,16,100,177,4,480,16,7,82,0,3,218,14,13,275,21,38,136,51,42,23,53,20,276,0,36,130,14,277,36,27,13,35,7,160,6,102,0,21,403,51,44,10,169,4,25,12,17,4,9,87,5,0,24
39A,41,87,11,37,435,82,299,140,288,230,0,2016,390,63,175,82,499,73,126,60,56,645,110,57,52,53,1358,229,387,198,86,705,91,351,46,148,42,41,631,60,126,112,225,127,76,75,36,115,63,656,164,92,36,42,74,170,41,30,988,59,57,1406,94,753,113,52,102,58,68,822,206,45,93,459,62,139,165,356,69,58,151,80,267,202,32,11,45,49,36,83,53,682,34,40,252,286,17,81,251,422,46,1443,110,49,263,54,38,711,65,25,525,30,135,314,135,268,22,42,46,729,40,53,510,12,1472,54,31,53,39,38,507,10,314,27,56,1706,278,116,201,600,122,176,100,112,23,65,470,117,50,81
41L,91,284,76,109,1232,147,710,224,358,318,1529,0,1157,354,689,295,1592,80,414,93,76,1608,340,167,43,165,3712,426,960,352,189,1303,453,1007,96,375,123,61,1061,159,268,441,748,268,291,258,54,313,226,1765,210,173,155,104,163,421,67,70,2776,144,139,4005,214,1825,270,69,174,154,47,2175,824,149,160,905,100,260,256,935,135,117,332,75,642,374,68,48,46,92,68,154,99,1516,95,83,604,790,12,118,630,1144,120,4530,253,166,687,134,47,1728,135,82,1303,106,429,673,447,602,67,53,132,1786,46,90,1367,87,5010,72,30,105,53,76,378,132,845,6,97,6992,655,326,402,809,345,340,206,309,39,122,1028,414,64,121
43E,36,90,22,37,399,98,185,82,163,37,407,1580,0,0,0,390,244,6,157,44,34,284,83,48,16,21,982,87,343,71,27,144,164,274,35,182,29,65,188,50,62,122,164,123,99,54,21,127,57,437,47,16,43,23,46,118,46,21,974,41,25,903,86,301,48,6,53,37,7,452,175,17,11,203,32,46,56,189,47,33,95,11,138,94,9,0,0,6,22,36,10,380,14,16,149,161,0,25,217,328,23,950,86,41,271,21,21,534,19,6,301,21,124,98,134,194,0,11,45,378,4,12,527,5,1403,22,16,34,0,7,49,0,129,3,0,1435,138,35,204,129,126,116,86,90,4,29,348,204,22,22
43N,0,9,0,0,106,4,82,20,36,6,72,487,0,0,0,6,178,0,9,0,13,114,20,7,0,21,269,28,55,31,0,79,39,72,18,28,0,9,53,19,15,45,38,46,31,9,5,12,11,155,4,10,3,0,17,30,0,32,281,21,5,269,13,134,4,10,0,10,0,95,77,7,0,63,26,4,8,37,15,3,15,0,19,7,3,0,4,21,0,5,0,91,9,8,34,44,0,4,25,109,10,225,12,19,46,29,0,193,0,7,142,5,19,47,58,65,5,0,18,164,8,5,140,0,362,8,0,5,7,15,32,3,71,0,7,394,58,6,63,80,35,27,34,28,0,21,85,27,0,10
43Q,0,41,12,27,156,7,124,29,61,11,188,940,0,0,0,5,366,0,47,19,7,255,67,28,13,28,589,49,158,86,18,160,59,111,13,73,0,11,66,33,12,74,100,22,23,61,18,49,23,165,24,28,7,24,17,57,5,17,629,14,13,516,35,211,54,3,30,19,15,227,134,22,5,163,17,30,45,120,12,55,53,26,107,58,20,0,0,2,7,8,11,172,22,18,45,89,0,28,73,135,4,599,52,38,74,21,0,349,37,24,158,5,68,90,77,131,0,11,13,333,4,12,242,0,861,12,0,5,0,3,48,11,83,6,2,892,88,9,86,109,99,56,14,121,0,30,166,61,0,12
44A,0,12,23,12,91,38,38,5,28,21,87,435,406,6,5,0,0,0,31,0,7,75,27,7,0,8,286,8,123,14,0,19,52,70,10,50,8,18,61,15,19,23,50,21,33,11,7,38,13,131,20,11,8,24,0,21,12,0,337,7,23,310,10,65,10,1,7,0,0,140,35,14,0,65,0,23,13,58,20,6,22,3,24,31,7,0,0,0,0,5,0,86,0,4,45,64,0,12,23,113,0,205,20,19,107,7,14,145,0,6,52,0,22,26,54,27,0,0,7,118,0,12,233,0,415,5,0,4,0,7,0,0,7,0,0,421,19,14,128,0,64,40,37,24,4,18,57,89,8,6
44D,30,89,25,4,360,34,228,89,155,71,464,2095,220,167,316,0,0,20,54,16,31,384,56,45,0,93,1520,155,527,52,5,207,135,263,0,184,11,31,159,72,9,187,186,91,120,73,15,62,40,460,35,54,18,32,90,171,10,7,1467,26,43,1270,64,532,94,23,33,74,10,551,189,45,48,262,0,50,68,248,66,55,63,25,177,101,20,7,8,12,18,53,38,421,50,16,207,220,0,15,179,427,82,1164,76,63,238,34,7,624,33,40,373,60,108,170,227,407,18,30,70,568,0,34,811,13,1966,35,0,18,8,2,36,8,26,0,2,2051,208,29,250,128,257,159,158,207,13,61,255,180,22,30
48T,23,7,0,21,58,13,86,0,11,21,80,114,7,0,0,0,26,0,46,0,0,74,14,0,14,6,103,25,11,71,17,114,16,59,20,7,4,8,20,0,12,3,31,17,15,5,16,17,5,90,10,14,12,0,12,27,0,28,67,17,30,348,53,141,74,16,21,7,11,147,31,5,16,14,20,6,18,71,4,0,5,23,93,43,0,7,21,2,0,0,4,178,24,0,23,41,0,0,13,48,9,181,4,0,25,7,7,49,24,0,125,29,47,17,22,11,8,7,0,77,6,16,19,0,69,12,8,6,7,7,93,0,24,4,7,115,31,8,0,75,14,7,9,0,0,0,34,11,6,9
49R,11,80,9,35,290,39,132,22,31,130,136,518,163,10,48,31,64,43,0,268,66,411,90,45,55,11,378,92,77,66,25,271,27,79,62,16,27,58,639,12,113,42,159,18,36,57,23,89,87,251,34,16,47,22,45,55,47,58,248,31,35,758,9,479,66,27,70,37,21,637,223,35,58,81,58,102,34,203,96,70,0,159,111,406,34,4,40,26,44,43,12,390,18,35,180,188,8,14,70,291,7,790,36,28,57,52,33,358,19,17,447,29,178,264,27,96,48,19,31,351,26,43,81,32,369,43,18,45,32,5,290,10,94,29,21,511,85,56,13,167,19,89,50,17,4,12,71,82,19,20
50V,0,26,0,4,63,8,73,32,27,0,61,127,48,0,19,0,19,0,282,0,9,143,31,13,37,0,156,38,6,14,6,156,13,30,19,0,0,11,229,37,0,22,38,12,17,0,5,21,26,89,3,12,15,0,18,10,11,19,69,38,6,254,18,175,12,0,32,20,8,137,49,7,24,68,19,4,9,71,0,27,7,32,55,52,31,8,4,6,2,19,7,182,10,0,45,34,0,15,16,92,0,145,4,10,26,0,11,66,22,8,76,13,39,28,15,10,0,3,6,68,0,0,15,9,91,0,4,2,4,5,96,0,6,9,7,132,0,19,11,86,3,0,0,7,14,0,34,17,0,0
53D,7,8,0,17,20,15,38,10,15,0,60,109,33,13,7,5,39,0,65,9,0,26,21,22,0,0,83,9,41,6,0,38,0,16,9,9,8,26,34,0,24,0,21,0,0,9,0,16,18,25,0,10,8,10,0,17,13,17,85,12,6,148,5,74,5,3,4,7,0,50,11,11,0,27,17,14,8,6,14,9,48,0,6,25,0,6,0,6,0,9,5,55,0,7,31,47,5,0,0,10,0,116,0,0,10,0,0,96,0,15,80,8,17,26,0,20,0,0,0,36,0,17,15,9,71,0,18,6,0,9,54,0,11,6,8,104,15,20,0,32,24,29,11,12,0,0,18,16,0,0
60I,51,130,59,53,817,48,349,36,127,420,633,2026,278,102,229,64,414,63,378,132,25,0,11,120,30,82,2127,286,501,484,53,1498,133,333,48,228,0,25,954,30,190,178,299,80,145,153,61,178,86,758,154,117,95,51,75,186,30,45,1007,148,156,1783,141,865,141,31,150,98,93,1479,746,215,126,512,70,102,140,312,54,69,261,121,454,236,43,27,36,48,37,69,58,900,66,62,331,511,56,89,255,380,32,1743,136,52,291,29,44,1217,116,66,825,80,260,422,219,230,32,56,70,822,32,58,481,43,1261,68,51,41,62,74,657,96,530,23,59,1517,615,171,137,1160,121,132,84,92,15,61,537,103,39,75
62V,8,29,29,0,113,19,63,45,18,24,114,444,83,20,68,26,64,11,92,32,22,12,0,61,102,6,144,197,53,55,117,116,31,85,292,6,129,206,93,8,66,21,76,51,30,53,17,16,41,230,22,6,4,20,23,54,80,226,197,28,0,529,12,252,47,12,0,13,35,280,84,24,4,80,270,30,53,130,4,13,41,22,132,66,21,7,12,11,9,28,24,238,26,0,123,53,0,9,82,194,56,651,44,7,93,40,0,118,28,10,214,9,50,154,12,25,15,19,8,253,8,10,47,7,279,6,22,4,16,14,296,11,77,5,13,412,66,29,15,99,12,72,29,13,14,13,186,91,0,5
64R,5,27,27,5,127,0,97,14,56,33,61,229,49,7,27,7,51,0,47,13,22,134,61,0,6,9,211,0,20,93,41,285,25,80,0,0,19,0,80,15,49,20,100,32,27,33,6,16,19,168,27,20,12,0,5,30,6,0,108,0,13,365,24,261,20,0,3,4,23,257,77,14,29,44,5,6,22,120,11,15,48,36,97,40,9,0,6,20,32,31,36,247,15,3,80,115,6,6,73,73,13,344,5,5,41,6,14,146,13,14,170,15,71,90,17,36,16,15,2,260,12,11,34,0,169,7,8,15,14,0,167,5,57,5,21,215,76,47,17,96,0,19,17,5,6,0,90,21,0,0
65R,12,16,21,9,83,3,78,37,41,17,61,53,16,0,13,0,0,14,57,37,0,32,101,6,0,13,30,284,12,23,14,129,4,54,163,0,3,134,148,0,35,7,50,57,24,36,16,45,29,251,0,6,11,11,11,62,89,166,57,30,11,282,18,203,27,3,9,0,14,139,53,8,8,41,170,32,17,94,11,0,9,17,119,46,15,15,0,4,0,12,30,161,12,0,45,101,5,31,24,239,15,287,35,3,81,36,8,79,12,8,211,3,52,80,20,16,13,26,0,90,3,7,0,11,14,33,27,14,0,13,220,12,6,0,3,4,19,60,16,43,14,105,0,3,0,23,15,38,4,30
67G,14,14,0,8,136,3,32,4,33,6,59,227,23,20,29,8,102,5,12,0,0,92,6,8,13,0,0,244,83,97,33,311,24,113,0,19,0,22,55,0,2,7,89,40,49,18,0,15,24,164,24,0,15,0,21,46,11,22,219,0,27,219,10,108,41,6,8,13,9,176,44,14,5,123,29,44,10,56,0,5,32,13,32,21,18,0,0,8,7,0,27,96,7,5,22,83,0,10,66,92,13,313,0,9,43,17,8,78,0,13,111,13,10,52,12,22,0,7,0,124,3,6,28,9,169,20,0,6,4,11,144,5,96,29,8,198,138,67,45,195,45,24,16,11,10,9,81,22,16,30
67N,81,145,103,50,1138,77,569,211,346,294,959,3545,653,186,389,186,1091,74,273,110,60,1576,96,159,19,0,0,74,1100,715,41,3368,358,525,89,237,74,74,597,110,273,330,422,175,285,260,54,208,187,1312,223,301,106,137,108,280,56,88,2007,114,149,2880,148,1423,213,43,191,129,41,1733,689,122,71,493,160,188,182,577,139,105,291,95,469,375,86,30,29,61,42,105,108,1182,88,57,397,598,16,90,481,864,71,3243,175,88,703,114,36,1628,108,57,871,62,302,630,349,468,18,36,89,1187,66,121,1136,45,2586,89,67,62,69,49,962,48,1332,181,115,3269,853,563,298,2482,215,326,151,183,19,102,910,123,60,85
68G,29,65,18,41,186,7,320,46,67,42,257,568,86,27,51,6,172,24,93,39,8,304,191,0,275,238,113,0,38,125,1,291,24,225,257,47,65,261,266,0,81,29,187,46,74,55,23,84,59,364,36,14,29,28,64,136,107,294,318,100,44,809,29,443,79,10,48,0,59,737,175,81,32,154,341,78,75,179,24,28,39,55,285,45,22,26,25,12,20,42,73,512,28,11,188,307,17,75,102,304,12,822,48,42,127,38,33,350,32,26,420,22,108,148,44,84,21,21,23,326,46,19,46,9,430,34,78,18,24,43,368,26,108,5,38,579,106,189,64,115,23,137,9,26,5,36,96,40,47,44
69D,48,28,38,11,440,57,227,85,135,65,402,1323,338,56,147,117,588,8,72,4,41,547,47,18,12,84,1654,40,0,0,0,738,63,240,53,129,33,58,148,43,49,201,179,109,101,99,26,77,48,478,69,78,27,82,42,148,27,46,996,15,25,1100,42,441,72,22,48,58,2,619,148,13,22,190,59,73,39,217,68,46,81,22,146,119,23,9,9,5,18,45,39,337,33,24,163,217,9,40,251,391,52,1063,52,48,229,23,3,579,2,51,342,13,108,184,113,260,0,15,68,558,7,19,556,11,1092,20,8,15,7,12,322,48,437,29,13,1115,237,15,44,605,187,126,117,91,19,64,453,120,19,24
69N,16,38,2,41,420,16,167,22,76,72,202,435,61,27,78,12,53,63,66,13,6,484,52,86,19,90,918,119,0,0,0,1340,138,124,43,27,9,43,293,27,108,22,168,80,41,128,9,70,76,418,69,67,44,28,37,106,50,59,260,48,59,614,46,408,78,10,57,40,17,424,182,31,33,143,92,51,53,221,16,49,87,53,159,110,17,6,8,11,28,34,47,472,24,4,85,181,26,48,168,257,15,898,68,11,173,40,4,306,39,24,289,35,145,205,66,64,5,14,13,310,18,45,130,31,133,28,3,10,19,32,602,7,471,37,37,226,291,136,4,903,39,84,16,34,32,19,283,60,27,37
69S,5,21,7,7,131,12,34,20,14,26,85,253,27,0,19,0,8,18,28,6,0,62,118,41,14,31,58,1,0,0,0,246,21,55,11,42,0,1,125,21,21,47,51,10,6,8,0,16,9,80,38,15,32,0,23,24,1,1,119,6,12,325,33,125,31,12,34,17,0,182,56,19,37,49,1,32,31,84,0,0,55,5,57,29,25,16,9,3,8,0,0,153,0,13,46,39,0,5,56,62,36,221,26,7,43,16,0,81,34,9,112,15,39,44,10,5,7,0,5,134,12,23,16,6,177,0,10,28,0,0,102,5,27,21,10,308,0,5,0,59,5,7,0,0,5,0,98,10,0,0
70R,79,141,56,60,1071,32,439,136,259,268,633,1482,108,61,132,16,214,94,228,142,31,1362,99,242,109,268,3916,250,625,1207,218,0,292,287,129,161,58,107,668,32,320,209,469,132,235,219,27,182,193,1138,291,292,153,91,67,232,54,115,877,102,155,1929,158,1374,218,32,176,100,40,1601,594,136,75,408,177,216,163,451,101,105,358,106,486,305,90,25,26,41,61,47,102,1167,60,44,278,530,27,91,476,664,56,2797,138,40,511,84,63,1091,115,68,822,78,346,584,206,213,24,33,48,833,83,92,444,50,588,66,84,83,81,71,1621,15,1548,214,129,1120,903,728,32,3024,12,163,32,50,64,46,969,193,39,123
74I,12,47,3,23,239,3,46,71,72,33,98,635,167,40,56,52,156,15,26,12,0,149,30,25,4,25,544,24,62,149,23,365,0,0,0,4,68,0,99,0,50,56,25,61,50,52,11,20,53,302,21,28,17,23,12,133,37,0,320,8,6,418,16,172,12,5,2,28,11,143,48,4,8,61,0,23,14,73,31,49,46,12,87,62,34,12,0,0,11,62,5,185,4,33,50,98,0,43,120,206,16,558,23,16,164,9,0,230,13,7,144,8,58,148,58,57,0,7,8,201,13,21,226,7,376,39,0,5,3,0,85,11,263,3,3,420,211,54,121,307,18,100,34,37,19,21,191,22,4,28
74V,47,36,56,46,380,19,251,68,101,69,369,1367,262,71,113,63,294,58,82,27,16,348,85,72,49,110,779,216,237,136,53,349,0,0,18,17,51,0,346,39,79,137,202,353,170,126,34,115,59,912,48,15,16,0,93,273,126,8,673,59,26,1155,56,510,83,23,98,32,15,562,247,45,46,210,37,43,91,272,55,30,87,26,143,90,34,0,16,62,22,49,54,434,38,20,152,327,0,63,170,802,7,1187,33,82,366,92,13,380,28,17,485,20,102,187,87,267,0,5,62,460,21,27,328,32,930,27,23,29,10,15,281,22,158,20,25,1172,254,90,197,298,102,288,115,146,17,63,299,159,51,50
75I,10,6,0,8,83,9,67,17,38,12,47,131,36,19,14,10,0,20,62,20,9,52,291,0,161,0,133,266,60,47,10,145,0,19,0,0,0,334,122,0,32,5,54,17,17,74,13,21,17,161,11,13,5,11,0,45,121,394,102,50,8,337,7,91,15,3,2,0,5,100,52,11,5,73,414,44,10,77,0,0,25,25,76,27,9,5,13,0,6,16,23,118,16,0,53,34,0,0,31,167,5,207,21,6,61,45,2,74,21,3,133,14,14,144,29,0,0,4,0,108,0,7,15,0,56,20,42,13,0,17,251,11,29,0,23,51,30,71,8,96,12,59,10,3,5,17,62,39,0,15
75M,18,11,25,8,93,46,42,19,31,54,150,530,177,26,72,46,220,6,14,0,5,250,6,0,0,19,370,48,124,27,41,179,4,16,0,0,0,80,51,25,33,55,48,19,51,23,7,13,21,149,18,0,18,14,8,52,5,6,311,16,11,399,26,115,17,0,15,36,5,208,60,9,8,65,7,29,4,42,2,20,67,0,49,16,5,0,6,6,7,6,2,111,0,17,37,75,1,5,97,119,8,366,40,25,120,25,20,245,19,16,72,8,32,14,50,84,0,14,28,139,5,0,212,0,452,0,0,2,19,12,14,5,73,0,0,450,129,19,55,88,38,30,30,19,0,16,136,32,11,16
75T,0,0,0,4,87,11,8,0,21,4,50,180,31,0,0,7,13,4,27,0,8,0,131,19,5,0,114,65,33,9,0,74,68,56,0,0,0,0,42,0,20,4,23,34,33,0,0,4,22,34,0,0,0,0,9,45,14,0,90,8,0,96,23,96,32,0,10,8,12,63,18,0,5,53,36,0,13,34,11,6,20,5,27,20,0,5,0,0,6,7,0,97,8,6,20,43,0,21,34,88,4,137,0,3,35,17,0,45,0,4,36,0,17,21,12,23,8,0,8,64,8,5,27,0,83,0,4,0,0,0,71,0,45,5,0,108,68,5,26,77,8,41,17,0,5,11,39,4,0,5
77L,5,11,0,0,50,28,80,20,25,12,48,99,68,9,12,17,38,8,59,12,25,30,212,0,131,22,122,275,59,47,9,131,0,0,341,92,0,0,93,7,35,4,58,0,30,80,8,21,0,105,11,6,14,0,0,38,122,424,137,16,3,264,14,64,21,0,10,9,0,116,60,11,5,49,440,40,14,47,0,15,26,34,79,25,16,5,13,0,14,16,9,82,16,0,33,42,0,0,20,112,12,259,5,0,101,18,2,99,17,0,124,0,24,112,21,0,0,9,0,102,12,8,22,0,74,21,45,0,0,12,205,0,19,0,7,90,65,68,8,76,11,49,0,7,0,11,37,23,0,18
83K,19,161,22,134,471,60,1015,154,328,152,569,1144,175,46,57,50,158,13,554,194,31,867,70,69,133,49,744,234,131,259,114,672,89,309,104,47,36,77,0,8,393,140,262,54,144,129,87,181,154,566,128,69,138,49,57,156,27,68,398,87,64,1304,274,1718,166,0,101,52,60,1003,510,173,53,133,91,117,258,629,26,26,213,177,469,354,59,66,46,112,51,86,65,1063,51,38,656,405,102,79,122,345,28,1809,46,52,186,66,41,1054,112,78,1143,58,400,515,128,74,62,34,44,711,80,145,148,37,763,53,125,64,61,58,325,47,162,21,55,1288,125,94,54,282,33,115,33,22,20,38,122,97,34,32
88C,0,10,5,0,22,12,31,2,16,0,64,214,54,20,33,13,80,0,12,37,0,28,8,15,0,0,141,0,41,28,21,32,0,40,0,24,0,7,10,0,9,15,7,11,5,7,0,25,5,66,9,11,7,13,0,38,7,0,128,11,0,140,8,89,5,0,15,12,8,52,5,16,28,25,14,0,18,12,7,11,18,10,15,14,7,0,0,0,9,0,11,82,0,0,51,22,0,2,7,40,0,86,0,29,40,7,5,81,0,0,43,0,14,26,53,32,0,0,0,92,0,0,49,0,165,0,0,0,0,0,33,0,12,0,0,213,0,7,2,18,12,51,9,4,0,13,21,9,0,0
90I,30,10,16,44,125,17,98,24,34,51,136,353,66,15,12,19,10,12,113,0,23,211,66,48,33,2,411,83,52,123,22,389,51,82,31,31,20,34,446,9,0,13,106,10,46,44,12,44,56,287,5,29,28,22,24,63,43,50,153,55,5,412,20,221,33,3,16,32,24,288,104,7,11,92,74,48,149,83,28,42,212,24,149,75,14,5,16,0,26,11,13,209,8,4,74,86,7,17,87,157,44,488,45,33,125,26,21,208,20,0,219,9,52,128,69,47,18,0,0,143,16,30,49,14,191,7,20,40,14,22,106,22,108,13,35,284,53,56,17,249,28,62,33,9,33,17,59,41,11,10
98G,18,20,37,7,147,4,118,16,69,31,124,632,126,46,76,23,214,3,45,20,0,205,22,19,8,7,516,31,221,25,50,266,53,145,5,58,4,3,169,15,13,0,0,28,87,24,21,29,12,276,42,4,19,6,24,106,12,3,352,15,0,478,20,212,64,5,72,57,0,212,85,8,36,64,7,47,62,104,13,19,22,21,58,44,0,9,7,18,0,26,22,193,31,0,49,84,10,14,144,292,18,513,27,42,183,32,9,239,16,9,131,7,45,100,93,140,5,0,7,194,10,35,247,8,477,18,5,19,4,0,150,0,183,24,24,529,113,64,36,199,41,61,40,30,4,19,200,30,9,32
98S,40,81,24,54,338,58,332,27,106,92,230,948,162,39,104,46,209,28,155,35,18,327,75,91,46,89,591,184,187,173,45,530,22,197,54,52,22,57,296,6,101,0,0,51,110,105,33,175,70,534,21,66,8,25,28,89,19,58,374,54,30,1066,52,626,146,47,77,42,50,611,314,148,119,165,75,149,85,171,36,25,74,59,329,146,20,7,5,36,27,38,39,539,36,50,180,165,33,16,183,314,3,1075,61,28,116,28,15,506,95,20,578,58,133,182,116,106,21,52,63,447,70,38,149,22,592,4,66,37,54,36,274,41,180,33,41,902,118,97,69,265,58,124,23,45,34,33,200,107,30,19
100I,43,53,25,13,148,16,56,53,48,0,138,392,120,44,22,19,110,17,19,12,0,77,48,28,53,40,278,44,111,83,9,169,60,377,17,21,34,0,64,11,10,28,57,0,20,21,7,4,43,614,4,0,0,5,0,52,16,0,169,26,0,372,9,129,24,0,43,16,0,164,53,9,5,61,0,20,13,30,0,3,36,4,69,24,14,0,1,34,5,14,11,90,35,10,53,47,0,4,73,25,7,274,23,15,16,0,0,104,5,9,194,8,42,55,20,77,0,11,14,207,0,16,106,11,282,17,0,22,0,10,90,2,91,13,22,312,118,38,92,100,18,75,49,28,6,3,126,77,17,9
101E,28,37,0,23,177,12,93,44,38,19,84,429,107,30,25,33,144,15,39,17,0,162,30,27,24,50,441,77,106,42,6,275,53,179,17,57,33,30,175,5,45,87,120,20,0,0,0,41,17,109,34,4,9,14,66,135,7,18,248,0,16,341,48,206,32,6,5,9,29,202,87,120,41,55,42,18,21,75,13,0,41,19,81,40,32,5,0,6,4,24,32,168,18,6,37,85,7,7,143,388,12,488,27,31,467,94,0,173,0,10,177,23,82,64,40,77,0,0,9,163,13,7,107,0,334,16,0,13,6,16,60,0,108,19,18,437,107,103,98,151,34,63,27,39,7,24,96,38,31,23
101Q,14,21,19,5,92,20,94,15,30,36,82,357,51,10,61,9,86,5,60,0,9,165,53,33,37,20,364,55,99,137,8,263,52,132,74,27,0,73,150,7,43,25,106,24,0,0,0,52,15,182,41,15,16,23,19,62,68,80,186,10,10,442,13,242,27,12,11,26,29,210,95,33,35,92,97,7,10,144,15,17,39,42,63,72,24,0,0,0,6,0,38,172,22,8,46,75,0,17,66,236,4,465,11,8,171,103,5,140,18,0,155,12,79,103,64,36,15,9,20,97,18,5,78,12,198,5,18,10,9,23,121,22,108,15,10,325,77,59,21,188,27,90,9,19,23,19,127,55,6,23
101R,0,9,8,0,82,9,40,29,0,0,37,85,21,4,17,6,16,16,25,5,0,72,18,6,17,0,85,23,30,10,0,32,11,35,13,7,0,8,99,0,14,21,38,7,0,0,0,26,0,105,19,11,5,0,7,44,7,13,47,10,6,116,9,30,21,0,8,0,12,121,36,9,30,25,14,6,21,62,0,0,10,13,108,36,0,9,19,0,23,22,6,90,0,0,18,32,0,13,19,71,6,109,0,0,27,9,0,74,0,0,72,4,6,26,14,33,0,12,0,89,11,0,11,0,57,0,21,0,5,9,27,0,9,8,0,84,0,8,22,30,0,20,4,0,5,4,39,12,6,8
102Q,22,36,8,7,148,18,167,6,28,39,121,414,124,12,53,36,69,16,85,19,17,193,16,16,45,15,297,89,83,82,16,221,19,120,20,10,4,20,217,25,43,28,185,4,41,52,26,0,0,180,87,0,11,8,18,88,17,20,199,12,19,512,14,316,70,10,38,5,5,309,198,47,52,131,35,23,112,380,18,19,55,43,124,116,26,5,17,26,50,0,14,232,0,6,173,106,11,0,94,150,4,549,27,0,106,7,13,238,11,17,276,0,42,111,43,51,17,11,12,152,11,17,121,10,258,17,31,6,5,24,118,0,94,22,10,381,49,26,17,121,17,90,26,38,6,8,92,33,12,4
102R,15,31,9,22,161,17,77,8,29,25,70,297,60,11,24,13,49,5,91,26,17,95,39,19,29,26,268,62,50,88,9,235,54,63,18,21,22,0,175,5,57,12,73,44,17,15,0,0,0,234,16,0,47,13,5,49,26,12,110,22,12,299,47,232,14,4,7,6,13,170,92,19,3,90,30,6,22,74,6,16,29,0,70,58,11,25,3,27,12,20,15,226,10,6,66,95,17,0,103,71,9,365,35,14,63,3,6,211,0,7,140,18,44,85,18,36,14,7,12,208,0,12,50,35,130,37,11,17,10,5,146,0,128,10,12,247,36,43,14,184,12,16,14,3,6,30,67,53,24,23
103N,87,113,92,45,690,31,345,98,199,170,531,1766,330,111,123,98,363,59,186,59,17,613,158,111,178,120,1381,258,355,345,63,981,226,704,119,120,26,78,499,45,211,186,407,445,88,129,79,147,169,0,0,33,72,78,32,434,87,106,815,85,48,1930,108,845,184,32,195,114,29,1088,325,27,78,416,124,157,152,393,30,64,198,52,219,166,48,32,23,67,37,85,92,793,46,32,254,405,5,0,211,969,44,1954,56,101,410,68,20,760,67,69,945,34,191,303,183,215,30,55,46,765,25,82,358,39,1181,72,52,60,49,50,615,17,408,90,58,1702,263,211,194,606,141,362,80,78,191,55,465,335,72,217
103R,8,26,26,14,146,20,101,30,76,19,173,274,48,4,24,20,42,11,35,3,0,173,21,27,0,25,339,39,74,76,38,339,21,53,10,20,0,10,146,9,4,43,22,4,34,44,19,92,15,0,0,25,12,11,10,20,0,5,147,22,11,322,0,103,36,0,42,19,0,206,60,0,16,30,10,43,34,114,22,0,19,24,31,18,29,5,11,44,0,23,14,73,11,0,10,75,0,114,59,68,5,289,34,10,82,0,6,141,29,12,137,9,70,101,25,23,0,0,0,142,5,0,68,0,141,0,4,7,0,4,367,12,98,23,40,176,80,23,19,274,6,14,0,11,3,0,108,25,9,0
104N,0,20,2,5,123,0,36,43,71,10,100,248,17,10,29,11,58,13,16,11,10,132,6,20,6,0,434,14,76,69,12,358,29,14,12,0,0,6,79,12,27,4,67,0,4,16,10,0,0,38,28,0,0,15,0,10,6,6,144,6,14,194,5,143,23,0,16,0,0,105,62,13,1,21,11,30,36,62,5,6,16,0,79,23,0,0,0,11,0,0,0,88,0,0,13,55,0,11,12,30,0,162,0,0,28,0,0,50,19,4,155,15,29,135,38,6,0,5,0,74,10,5,65,8,150,19,13,5,7,14,113,0,137,24,11,185,60,21,0,283,4,0,0,11,4,0,84,12,0,0
104R,0,10,0,11,125,34,54,10,12,25,39,205,47,3,7,8,23,12,48,15,8,106,4,12,11,15,151,31,27,48,32,185,18,17,5,21,0,15,158,7,28,19,11,0,9,16,6,11,47,98,13,0,0,10,0,24,0,0,80,6,0,244,22,149,30,15,32,7,5,112,116,0,9,48,9,15,25,74,0,14,22,12,60,23,37,17,6,19,4,17,0,108,6,5,16,77,0,8,55,38,1,296,0,18,11,27,18,90,5,8,146,38,35,81,24,26,0,5,0,98,2,0,28,0,108,8,0,18,7,0,138,0,50,12,17,181,61,13,0,112,12,36,0,11,4,6,44,19,0,22
106A,0,7,7,0,46,6,56,0,28,14,47,157,24,0,25,24,45,0,24,0,10,57,19,0,11,0,209,31,90,27,0,108,24,0,11,17,0,0,56,13,22,6,24,5,15,22,0,8,13,110,12,14,10,0,0,17,22,14,113,19,0,198,22,81,0,7,9,11,0,50,29,0,6,18,14,0,18,26,0,0,11,3,15,4,0,10,0,0,0,10,10,46,0,0,58,25,0,18,38,35,15,138,5,13,77,0,5,115,0,0,94,10,13,37,21,31,1,0,7,60,9,8,79,0,114,6,4,12,8,9,69,0,45,0,4,170,38,8,17,65,53,49,18,5,8,166,39,13,6,6
106I,0,11,7,0,59,14,91,23,16,6,79,236,47,18,16,0,106,12,46,17,0,93,23,5,10,21,160,64,45,38,23,84,11,102,0,9,9,0,68,0,23,25,29,0,65,19,7,18,5,46,9,0,0,0,0,37,10,0,172,10,17,281,30,129,25,0,11,5,0,228,57,13,9,46,0,21,25,100,6,0,19,7,85,15,6,0,16,6,8,13,17,114,5,11,67,96,0,21,50,78,0,202,67,15,69,27,0,83,10,14,117,12,26,35,23,38,0,5,6,124,9,0,132,13,204,0,4,0,6,11,174,23,3,3,0,203,33,35,18,44,40,52,18,46,0,0,63,33,21,0
108I,28,33,36,19,231,15,124,63,65,32,197,619,126,32,57,21,202,26,56,8,16,216,52,30,60,46,442,139,162,116,26,272,135,293,44,54,45,37,182,39,65,109,96,52,136,64,44,88,49,604,20,10,24,17,36,0,41,50,398,66,0,639,61,245,64,6,32,73,16,379,112,24,7,123,96,29,12,158,18,6,59,34,156,55,16,12,10,21,0,30,7,360,6,20,141,123,9,9,123,500,4,675,6,105,249,15,12,209,0,9,335,5,53,83,74,132,6,9,21,227,17,0,192,10,498,21,5,16,4,12,183,9,121,30,6,544,119,106,80,131,93,323,37,60,40,78,203,122,38,81
115F,10,0,6,9,76,18,48,4,23,17,44,90,47,0,5,12,14,0,49,12,13,34,80,6,90,11,91,111,29,59,1,74,38,133,121,9,14,117,34,7,43,12,19,16,7,68,7,18,27,120,0,6,0,22,10,42,0,114,64,7,0,195,10,93,18,3,28,0,0,64,55,0,5,34,166,0,20,40,4,6,20,31,58,9,17,0,14,0,0,23,17,85,15,6,18,28,6,17,39,168,4,290,39,8,88,16,0,58,0,0,104,12,23,101,24,0,12,0,0,54,0,0,15,0,29,14,11,9,0,0,138,0,53,3,7,62,40,65,21,57,0,103,0,8,0,34,47,23,0,10
116Y,5,6,0,0,66,9,105,12,30,4,35,98,21,33,18,0,8,28,59,20,17,52,225,0,165,23,128,300,47,71,1,137,0,8,394,6,0,417,79,0,50,4,59,0,18,80,13,21,12,142,5,6,0,13,0,51,113,0,119,37,3,345,0,72,8,0,8,3,0,103,82,10,5,53,576,29,14,54,0,6,9,42,68,26,9,5,24,0,6,16,25,106,16,0,67,45,0,13,15,164,11,212,5,0,69,52,2,116,24,3,159,11,25,145,29,8,0,10,8,93,6,15,26,0,39,28,45,2,2,23,268,11,47,6,7,69,42,72,9,101,0,57,0,3,12,17,53,25,0,18
118I,69,138,59,29,796,107,474,150,240,128,906,3381,867,236,543,290,1410,58,229,60,74,945,178,90,55,191,2656,282,892,244,102,925,281,591,93,253,73,117,409,116,132,304,340,134,205,165,40,173,91,950,117,135,67,90,146,333,55,108,0,97,78,2491,144,920,176,18,57,96,80,1504,441,81,88,514,117,193,77,433,177,104,125,123,458,178,80,12,9,47,74,78,93,731,63,71,265,399,16,72,426,668,106,2241,143,111,461,100,41,1163,52,56,722,92,237,447,305,513,17,14,87,1136,22,57,1056,21,3054,38,64,28,32,46,1222,64,499,40,28,3136,424,129,395,719,388,231,216,295,33,107,826,281,30,81
121H,16,10,0,0,56,4,40,22,29,49,65,178,40,21,14,7,29,17,29,36,11,169,28,0,30,0,160,100,17,47,6,120,8,63,47,16,8,15,106,10,53,14,54,25,0,9,10,13,20,110,22,6,6,18,10,65,7,35,117,0,0,852,0,65,0,25,16,0,10,296,45,8,20,121,35,34,18,155,21,0,16,7,108,76,2,0,11,6,0,15,27,488,0,0,137,100,10,36,78,95,9,239,18,0,32,4,29,149,16,4,225,6,24,99,10,0,8,7,14,82,7,15,40,5,117,5,22,19,18,41,145,0,19,0,8,202,32,29,23,84,0,35,0,0,0,13,60,13,0,0
121Y,0,16,3,17,65,20,97,20,0,34,63,198,28,6,14,23,50,29,40,6,7,166,0,13,11,27,203,43,25,64,13,169,6,25,8,11,0,3,68,0,8,0,35,0,15,10,6,19,12,77,12,15,0,0,17,0,0,3,87,0,0,627,0,50,15,0,11,29,16,240,62,13,5,40,3,18,25,173,7,0,32,12,64,30,4,0,10,6,0,22,0,315,0,0,75,71,0,0,24,88,0,242,7,0,20,0,0,128,17,10,107,0,62,28,18,13,4,9,23,90,0,19,71,18,163,10,9,4,0,8,76,13,80,9,13,167,25,36,19,93,2,14,0,19,5,0,45,24,9,2
122E,48,160,187,78,932,108,709,222,298,285,865,3092,510,164,289,166,795,200,450,134,83,1091,320,215,160,126,2352,484,642,362,218,1322,225,714,190,228,58,144,952,71,243,286,672,239,188,247,65,280,188,1506,172,128,152,106,156,350,116,194,1622,488,345,0,0,939,642,153,181,136,87,2252,672,191,208,794,248,259,226,1064,76,75,263,193,558,476,72,49,84,102,54,168,122,1420,75,70,523,783,42,156,406,889,90,3079,166,106,538,107,58,1373,99,109,1477,123,444,705,274,349,52,54,93,1366,81,166,681,76,2245,85,89,89,85,78,1123,40,579,83,71,2929,470,253,253,894,191,297,102,167,83,107,645,233,73,96
122P,15,41,9,27,88,7,106,12,27,84,95,305,83,15,34,10,73,52,9,18,6,152,9,24,17,11,211,26,37,50,31,177,15,55,7,26,22,13,324,8,20,20,55,11,46,14,8,14,45,145,0,5,21,21,30,61,10,0,167,0,0,0,0,226,7,5,17,15,18,187,69,7,15,103,0,41,13,198,6,17,11,19,178,53,15,15,28,10,10,12,22,661,0,0,188,102,23,21,138,130,32,300,15,8,59,9,0,184,0,0,179,52,67,93,17,42,24,27,7,195,15,4,74,15,228,0,0,5,0,0,114,0,61,7,14,309,38,10,32,113,30,28,12,18,5,25,60,21,9,12
123E,32,141,24,27,395,30,341,76,153,127,357,1047,155,61,95,32,277,58,221,73,37,396,119,106,98,36,928,206,202,180,45,750,81,231,49,60,46,37,826,34,81,92,275,67,85,109,15,145,99,542,43,82,70,36,52,130,47,33,473,33,26,692,108,0,0,0,130,49,74,981,338,94,65,285,37,103,134,711,60,32,91,87,383,163,47,10,38,36,47,40,55,1607,32,30,389,467,61,90,297,316,33,1267,48,62,220,28,63,692,61,57,738,74,355,344,103,77,49,68,43,616,63,36,238,42,672,30,54,43,32,36,561,38,278,30,46,1064,144,131,40,450,64,74,51,58,35,42,175,117,15,55
123N,0,20,14,24,120,30,139,28,63,55,121,368,44,5,53,9,108,72,71,12,5,162,46,20,27,40,326,83,77,85,31,268,12,87,15,21,31,22,191,5,33,64,155,25,34,26,20,68,14,266,37,23,30,0,25,63,18,8,203,0,15,1078,7,0,0,0,43,32,12,341,103,19,42,106,40,55,30,134,9,11,29,35,109,62,4,18,11,26,0,51,33,209,15,15,99,172,11,35,95,111,5,519,16,14,53,16,20,178,20,58,213,27,121,134,11,46,26,19,24,167,26,27,51,15,226,35,22,0,7,23,233,6,81,17,19,330,78,29,11,189,46,64,5,15,21,9,105,32,0,12
123S,0,0,8,5,24,0,28,0,7,42,54,103,7,11,4,1,29,15,29,0,4,44,12,0,3,6,68,11,23,12,13,40,6,24,3,0,0,0,0,0,4,5,50,0,6,13,0,10,4,43,0,0,15,7,0,6,3,0,22,26,0,292,5,0,0,0,15,6,3,108,0,1,15,25,0,16,8,29,29,9,6,0,24,23,0,0,0,13,0,31,7,120,6,0,35,36,0,9,29,46,0,81,0,0,21,8,7,66,0,7,60,7,13,12,3,9,0,20,0,30,13,4,12,5,67,0,9,3,12,0,43,0,17,0,6,98,7,7,6,17,0,0,0,10,0,10,7,4,17,0
135L,29,30,12,15,54,0,77,15,20,28,106,226,56,0,30,7,38,21,74,33,4,160,0,3,9,9,263,47,47,68,36,217,1,102,2,17,9,10,116,16,16,75,78,43,5,12,9,41,7,290,42,16,33,9,12,32,27,8,68,17,10,325,19,268,43,15,0,0,0,0,0,19,40,54,11,6,70,188,25,27,11,0,90,27,10,0,4,11,18,5,34,127,13,10,43,99,0,38,74,89,7,551,0,24,83,0,14,122,7,7,221,32,26,72,24,32,0,0,9,155,14,9,36,15,124,0,27,19,4,0,101,8,109,10,7,257,45,26,7,145,13,36,0,0,21,14,73,21,6,24
135M,11,26,13,0,68,11,48,17,31,13,61,224,38,11,19,0,90,7,36,19,7,110,13,4,0,13,197,0,65,46,16,118,29,32,0,39,8,10,70,11,32,57,40,17,9,23,0,7,6,148,18,0,7,9,5,72,0,3,117,0,27,235,14,99,33,5,0,0,0,0,0,4,16,19,3,0,25,55,14,8,81,0,19,29,13,3,0,6,10,12,0,133,0,13,33,59,0,0,50,48,5,326,13,0,27,0,5,162,9,0,101,3,37,30,15,18,0,0,7,86,0,17,36,0,174,11,30,14,0,0,40,0,39,0,0,220,38,33,0,86,13,28,5,13,28,9,68,6,3,31
135R,5,30,0,0,50,13,82,13,0,41,71,68,7,0,16,0,13,11,22,8,0,103,36,24,13,10,60,64,3,19,0,47,12,15,5,6,12,0,71,8,24,0,51,0,29,29,12,5,13,38,0,0,5,0,0,16,0,0,93,10,16,154,21,160,12,3,0,0,0,0,0,0,8,51,11,5,8,92,7,3,5,0,47,21,14,0,0,0,19,0,0,118,0,7,36,59,0,20,27,49,0,186,0,20,22,0,7,104,0,8,131,12,43,52,13,0,10,16,0,66,0,0,19,0,56,12,17,11,0,0,138,6,16,0,5,71,16,0,14,17,0,27,7,4,0,0,15,0,0,5
135T,18,261,61,90,890,96,867,90,211,306,711,2320,377,75,178,107,531,108,511,100,39,1280,217,196,106,125,1974,584,500,352,141,1457,114,466,75,170,46,80,922,41,215,166,509,134,152,159,94,245,127,1157,162,83,87,34,170,290,45,73,1347,235,184,3105,144,1725,259,88,0,0,0,0,0,185,166,529,103,128,220,980,51,82,301,183,547,352,115,25,64,61,69,120,87,1406,39,41,346,594,65,105,357,676,54,2700,103,85,430,51,68,1297,117,97,1080,126,425,696,201,313,55,42,79,1124,73,86,456,45,1565,24,130,63,99,73,1489,33,588,86,99,2193,355,239,159,917,148,231,93,127,37,65,487,223,52,99
135V,31,95,63,39,466,37,273,87,79,130,207,1039,173,71,126,33,197,27,215,42,13,768,76,69,50,41,916,167,143,189,54,673,48,245,48,59,16,55,539,7,95,77,314,51,79,92,35,191,83,415,56,58,101,28,52,108,49,76,465,43,54,994,66,628,99,0,0,0,0,0,0,95,61,218,91,75,129,841,55,51,76,66,293,143,99,9,26,59,73,26,32,508,6,19,175,331,34,31,157,267,15,1371,59,72,135,18,0,500,62,27,564,22,193,182,124,87,46,32,31,504,22,69,164,24,648,78,67,58,24,36,289,53,272,9,34,974,214,133,63,392,28,103,15,46,12,30,217,77,40,38
138A,15,32,0,0,196,15,49,25,17,36,54,207,18,9,21,14,49,5,37,6,12,232,23,13,8,14,181,78,13,35,21,164,4,47,11,10,0,11,221,14,7,9,161,9,119,32,9,48,18,48,0,13,0,0,13,24,0,11,100,8,13,319,7,244,20,1,18,5,0,245,103,0,81,98,11,12,20,159,0,4,16,38,94,12,39,4,16,13,11,9,0,57,12,0,40,91,13,15,126,21,4,244,21,11,37,9,5,141,19,0,155,14,57,153,23,20,12,0,6,21,5,7,45,5,125,15,31,12,0,25,139,0,69,16,10,192,25,15,6,125,0,31,6,7,0,3,25,23,19,4
142T,6,10,35,20,49,10,37,6,7,22,103,210,12,0,5,0,47,16,61,24,0,137,5,29,7,5,92,33,22,33,37,85,8,49,5,9,5,5,59,29,12,37,120,7,39,35,29,51,3,117,16,1,9,6,8,8,4,5,93,19,5,356,15,165,41,14,40,17,8,214,60,78,0,0,5,20,28,53,0,0,16,57,146,58,19,11,3,7,13,11,26,134,16,0,97,100,25,7,62,42,5,245,6,8,48,0,3,122,27,21,117,15,52,65,29,8,9,4,0,65,18,29,30,7,144,0,17,2,18,25,154,10,24,4,14,201,10,20,2,25,0,12,0,10,0,0,26,24,14,15
142V,31,142,33,44,231,37,179,4,34,88,460,1167,196,60,161,61,292,12,79,66,25,546,76,43,38,120,690,158,183,144,50,471,55,201,69,65,49,50,154,24,88,58,165,60,52,93,24,125,83,554,29,23,45,16,47,116,30,50,581,119,37,1254,98,594,97,23,51,17,48,653,219,96,0,0,77,48,195,464,11,49,101,84,242,191,16,24,12,20,62,74,36,544,18,13,244,211,8,39,233,343,38,1377,67,23,157,37,25,504,35,43,526,88,242,238,129,159,14,23,50,501,60,27,224,43,767,55,62,46,27,25,341,32,252,6,35,1095,103,91,51,277,89,141,30,81,57,30,198,158,16,46
151M,5,6,0,8,116,16,125,12,36,15,69,131,33,27,18,0,0,19,58,19,17,80,266,5,167,30,221,346,62,109,1,207,0,38,411,7,34,430,107,14,75,8,75,0,40,97,14,36,28,180,11,11,9,13,0,95,164,571,126,37,3,421,0,87,40,0,12,3,10,148,100,10,5,83,0,43,43,58,0,12,37,56,85,25,9,5,23,0,6,16,24,151,16,7,66,67,0,13,31,217,12,325,21,0,104,69,0,150,24,3,200,19,43,165,52,8,0,4,8,102,13,20,34,5,45,33,45,10,2,23,379,11,95,11,7,69,58,106,9,152,7,88,0,3,12,23,89,42,0,18
158S,17,40,0,24,132,22,129,62,75,40,145,365,46,5,32,24,57,6,110,4,14,109,29,6,33,43,288,86,80,57,32,253,24,46,46,30,0,40,143,0,49,47,159,23,19,8,6,23,6,226,42,33,15,0,21,31,0,29,216,33,18,449,42,236,58,16,6,0,5,168,77,12,20,51,43,0,120,114,8,18,10,59,91,219,22,0,5,15,6,17,16,210,12,0,31,122,9,30,56,150,13,430,10,27,67,10,9,191,33,0,179,32,92,128,21,19,0,5,17,175,0,16,42,6,226,24,44,22,9,0,218,9,112,6,43,359,58,15,25,145,30,58,0,0,12,0,95,19,9,19
162A,17,62,40,23,113,26,81,18,25,60,165,327,57,9,44,13,81,17,34,9,8,150,52,22,16,10,270,75,44,63,34,207,14,94,11,4,13,14,300,18,150,61,90,13,21,10,21,112,22,225,35,36,23,18,25,12,19,14,88,19,18,363,11,285,32,8,66,27,8,279,132,19,28,205,43,120,0,0,0,0,0,25,24,59,15,19,5,11,18,18,5,209,4,0,29,77,4,10,89,85,15,408,28,25,91,7,0,150,3,12,201,39,58,96,41,32,17,7,6,295,0,37,47,5,197,10,35,14,7,0,121,13,99,0,18,282,58,29,19,138,7,24,6,0,11,13,69,25,12,9
162C,3,134,48,27,397,108,256,69,101,116,326,1088,170,29,104,46,254,65,178,58,7,300,100,101,83,51,711,168,190,200,67,449,55,237,64,38,26,31,632,10,68,83,150,27,68,118,52,321,58,472,95,56,65,21,90,141,32,44,435,136,155,1518,170,1196,120,25,149,52,78,1092,804,140,36,402,49,95,0,0,0,0,0,38,50,373,60,21,64,81,43,78,31,921,21,10,567,313,10,109,229,227,54,1312,116,78,131,17,50,569,60,46,978,36,230,198,128,166,79,46,31,754,36,80,168,50,722,40,133,64,42,46,215,67,116,13,33,1224,87,137,64,142,84,125,37,89,30,24,193,124,29,36
162D,17,7,0,0,58,0,26,12,29,54,75,186,50,15,11,20,80,4,98,0,14,59,4,11,11,0,206,26,69,17,0,131,31,59,0,2,11,0,29,7,28,14,41,0,13,17,0,19,6,43,22,5,0,0,6,18,4,0,203,21,7,128,6,128,9,29,25,15,7,68,57,0,0,11,0,8,0,0,0,0,0,4,96,62,5,0,7,3,9,19,8,75,10,6,38,34,0,7,63,114,6,195,0,6,66,12,0,66,8,6,104,8,13,74,14,31,0,11,26,35,4,6,72,17,154,5,0,0,0,0,93,5,78,0,1,162,19,13,13,104,21,27,21,9,0,6,99,10,0,5
162N,0,12,0,14,62,5,22,3,9,17,67,164,36,4,57,6,63,0,72,29,9,83,13,15,0,5,172,30,51,54,0,127,51,31,0,23,6,16,33,11,43,21,27,3,0,16,0,20,17,94,0,6,15,0,0,6,6,5,118,0,0,140,19,89,11,9,30,8,3,100,52,4,0,51,11,20,0,0,0,0,0,8,62,36,21,0,3,14,9,32,15,82,3,0,33,64,0,6,35,45,0,212,12,8,32,5,0,93,23,8,56,9,22,15,15,23,4,0,6,85,9,0,55,5,113,17,4,0,9,3,62,0,45,5,12,124,55,34,18,109,0,26,3,20,8,9,64,17,0,3
162Y,23,46,26,31,146,13,32,5,19,31,160,453,100,16,55,22,74,4,0,8,48,283,43,48,9,32,408,38,89,97,58,429,44,95,25,69,20,25,273,18,211,23,75,39,42,41,9,55,28,272,18,17,22,8,19,59,20,9,138,15,32,451,11,241,28,6,11,83,5,399,84,15,17,105,39,10,0,0,0,0,0,7,0,39,19,0,4,8,3,16,21,124,9,14,36,44,10,17,111,104,5,523,51,4,42,22,10,150,12,23,175,6,66,28,108,39,2,0,28,160,12,12,79,0,276,12,33,14,0,26,162,0,173,12,5,401,74,111,37,241,19,61,0,15,32,3,195,52,20,30
165I,0,11,7,19,185,0,91,7,27,61,88,96,12,0,25,3,26,24,163,32,0,140,21,36,17,13,148,60,21,52,5,132,13,28,26,0,5,34,210,11,26,20,59,4,19,42,13,44,0,68,24,0,12,3,8,34,32,42,136,7,11,353,19,207,35,0,0,0,0,238,77,37,57,93,59,60,25,47,4,9,7,0,22,125,28,16,6,0,4,22,17,232,12,0,149,78,4,6,18,62,8,191,11,0,56,0,8,167,41,11,228,16,64,175,10,33,33,14,11,134,17,15,15,0,52,8,15,16,0,17,362,0,53,6,17,68,43,13,3,76,14,35,0,5,0,3,63,4,16,8
166R,24,68,11,72,391,17,227,50,97,157,275,835,133,20,110,22,186,85,109,48,6,481,130,89,112,31,666,293,142,169,56,562,90,155,71,52,23,77,526,17,146,61,329,72,74,61,104,122,67,298,27,81,57,13,82,150,54,65,498,100,60,907,171,889,101,23,85,20,41,655,300,89,139,236,82,83,25,55,93,58,0,20,0,117,84,5,46,23,15,2,27,897,56,30,138,279,65,57,155,287,29,1095,28,54,193,25,0,550,40,12,522,38,208,412,91,59,29,60,35,411,58,53,184,50,507,18,67,39,29,7,472,42,216,18,37,715,141,51,32,377,59,86,36,69,7,40,187,65,4,38
169D,4,63,31,40,172,18,167,51,83,79,193,454,83,6,55,28,100,37,382,47,25,224,59,31,45,19,465,41,111,100,25,323,57,77,24,19,17,24,389,15,69,40,138,22,35,66,33,106,57,210,12,18,21,4,11,49,9,24,182,71,30,770,47,357,56,17,26,27,16,405,141,11,46,191,23,196,53,396,52,31,34,111,116,0,15,9,28,17,3,82,10,354,20,22,198,60,26,36,48,185,5,614,8,4,99,0,5,388,55,4,391,36,85,201,9,65,7,12,14,302,32,50,134,60,330,42,10,30,24,0,247,16,89,2,33,442,107,53,18,194,52,42,28,18,4,4,103,38,14,18
173E,0,15,7,5,71,8,63,46,12,19,34,106,11,4,22,7,26,0,35,32,0,52,21,9,15,18,133,23,26,20,24,102,36,36,9,7,0,16,82,7,14,0,20,14,32,24,0,27,12,71,29,0,37,0,6,17,17,9,95,2,4,137,15,101,3,0,11,14,14,142,107,40,19,16,9,24,15,76,5,21,19,29,88,19,0,0,0,0,0,28,30,82,5,0,74,94,0,0,37,37,0,186,18,10,44,13,0,69,8,0,131,3,13,64,20,8,16,6,0,151,2,0,24,0,93,20,12,9,0,0,81,18,69,6,0,89,23,14,20,84,0,30,0,1,5,5,35,18,0,5
173N,7,17,0,3,10,4,55,3,0,4,11,64,0,0,0,0,9,7,4,8,6,30,7,0,15,0,41,29,9,6,16,25,12,0,5,0,5,5,74,0,6,9,8,0,5,0,9,5,25,39,5,0,17,10,0,12,0,5,12,0,0,80,17,32,18,0,0,4,0,31,11,4,11,24,5,0,19,28,0,0,0,16,5,9,0,0,0,0,0,88,7,58,2,0,30,26,0,0,29,5,0,81,0,0,13,0,0,53,0,6,74,4,38,14,7,10,7,0,4,60,0,12,5,0,48,0,12,0,0,3,19,0,2,5,0,59,10,0,5,14,7,7,5,0,0,5,0,0,0,12
173Q,0,13,0,4,28,10,73,17,4,38,48,63,0,5,0,0,10,21,48,4,0,43,13,6,0,0,39,25,10,9,10,30,0,16,13,7,0,13,55,0,16,7,7,1,0,0,21,18,3,31,11,0,6,0,16,10,14,25,12,12,10,148,29,96,11,0,4,0,0,79,29,16,3,12,25,5,5,72,7,3,4,6,54,32,0,0,0,0,4,49,21,175,0,0,81,38,0,0,8,21,0,105,0,0,8,0,0,57,7,11,139,0,13,41,12,7,6,42,7,59,17,5,15,0,55,19,12,12,9,12,78,0,10,0,5,66,0,7,1,20,0,0,0,7,3,0,9,0,15,0
173R,0,9,8,3,58,23,41,17,0,0,53,130,6,21,3,0,17,2,29,6,6,55,11,20,4,9,88,14,5,12,3,46,0,67,0,8,0,0,126,0,0,18,38,35,6,0,0,27,27,88,45,11,19,0,6,23,0,0,63,6,6,183,10,81,26,13,11,6,0,83,62,13,7,20,0,15,11,102,3,14,7,0,26,21,0,0,0,0,0,68,6,122,0,0,31,69,6,14,2,50,6,156,0,0,14,10,0,112,2,8,71,9,21,39,22,6,9,16,0,40,27,30,21,0,62,11,34,14,6,0,51,7,10,0,11,95,22,13,7,47,3,20,0,6,7,0,13,24,0,17
174H,0,11,0,0,43,9,5,0,13,5,37,83,23,0,7,0,19,0,45,2,0,38,9,32,0,6,63,20,18,34,8,72,11,23,6,9,6,15,56,9,26,0,33,6,4,6,23,51,12,51,0,0,4,0,9,0,0,6,80,0,0,99,10,116,0,0,21,10,19,92,77,11,14,62,6,6,18,49,9,9,3,4,15,3,0,0,4,0,0,0,0,108,6,0,25,26,0,0,38,18,4,159,0,3,15,6,0,97,0,3,71,0,27,75,0,0,0,0,0,148,0,34,4,7,46,6,32,5,0,2,101,7,28,0,0,55,4,10,0,43,3,9,0,0,0,0,34,13,0,10
174K,5,25,0,6,86,11,47,26,17,57,90,234,36,5,8,5,72,0,42,18,8,78,28,28,12,0,160,40,44,36,0,56,66,48,15,8,7,15,97,0,12,25,42,15,25,0,22,0,20,128,23,0,17,10,13,30,22,15,103,15,20,313,12,96,50,29,5,12,0,153,27,9,10,80,15,17,27,92,18,32,16,20,2,95,27,86,48,65,0,0,0,196,2,5,74,106,17,10,49,67,0,221,15,0,51,6,0,143,14,17,173,27,32,69,1,42,6,40,17,199,0,13,57,0,166,22,28,7,10,10,130,9,39,0,19,187,63,28,24,47,24,21,8,12,0,0,49,0,0,19
174R,15,3,19,0,67,6,107,13,22,34,58,134,9,0,11,0,48,4,12,7,7,70,24,34,30,27,157,74,40,50,0,121,5,57,22,4,0,9,77,11,12,22,40,10,33,38,6,13,17,139,14,0,0,9,17,7,17,25,107,29,0,233,22,127,32,7,32,0,0,121,34,0,27,36,25,15,4,42,7,15,21,15,30,11,29,7,20,6,0,0,0,189,7,0,92,84,0,16,49,126,0,186,6,5,68,29,0,169,14,14,97,14,32,37,15,24,17,5,10,224,0,0,22,0,110,14,4,0,0,28,138,7,57,0,0,148,54,23,7,83,6,39,0,22,0,5,52,16,13,5
177E,45,92,35,44,490,83,376,110,133,227,385,1138,230,52,93,45,257,97,218,98,36,569,144,138,96,49,932,268,190,279,87,747,106,274,70,75,60,47,686,56,110,110,290,65,91,81,51,125,124,598,39,58,45,18,62,210,41,62,455,312,183,1524,385,1867,124,72,58,77,66,979,307,24,57,286,91,116,139,609,35,37,74,118,510,231,44,25,96,73,55,112,90,0,0,0,335,720,118,93,252,409,35,1409,57,59,234,34,38,755,53,58,917,68,218,356,117,94,46,108,28,786,63,73,271,33,739,35,85,71,41,33,690,44,296,37,71,1145,153,89,90,525,49,132,28,45,24,26,249,108,49,50
177G,0,0,6,14,53,0,34,3,2,11,36,133,14,11,22,0,58,22,20,10,0,72,26,14,11,7,135,29,37,27,0,75,5,39,16,0,8,16,62,0,8,32,40,33,18,24,0,0,9,77,11,0,6,0,5,6,14,16,81,0,0,129,0,95,15,6,13,0,0,62,6,12,16,17,16,11,4,29,10,3,9,11,58,20,4,1,0,0,6,1,7,0,0,0,14,17,0,0,28,13,6,152,0,3,11,0,0,89,0,0,83,19,23,3,4,40,0,0,6,61,0,11,69,0,97,0,0,2,0,0,62,0,27,2,11,105,53,6,14,58,15,24,15,18,0,15,24,5,0,8
177N,0,0,0,4,20,0,25,9,15,10,42,112,17,9,19,4,19,0,37,0,7,65,0,4,0,4,85,10,23,4,13,54,33,22,0,17,5,0,48,0,4,0,51,9,6,8,0,7,7,50,0,0,4,0,11,20,6,0,83,0,0,130,0,65,15,0,10,13,7,61,20,0,0,13,7,0,0,11,7,0,15,0,31,24,0,0,0,0,0,5,0,0,0,0,27,44,0,2,8,21,0,132,0,11,15,4,0,107,4,0,51,6,25,31,3,20,0,0,0,66,15,0,37,0,63,0,12,15,0,0,47,0,12,0,4,121,31,19,19,35,11,9,13,14,0,0,47,0,0,0
178L,12,61,2,13,254,26,258,79,100,168,257,804,153,35,45,42,231,21,193,43,30,362,122,78,45,21,560,193,167,83,42,316,51,153,49,40,19,31,738,52,69,49,182,53,35,42,20,169,65,374,7,11,15,57,62,143,18,66,311,133,67,878,181,777,90,34,46,30,36,412,170,37,92,254,67,33,28,643,35,32,33,152,143,223,68,28,79,29,23,75,91,565,14,25,0,0,0,30,248,279,9,732,39,48,71,16,37,405,16,13,461,11,123,211,72,92,38,7,40,460,40,40,211,4,581,29,67,43,13,38,356,8,129,7,44,763,72,12,22,241,51,103,35,61,8,35,119,63,12,16
178M,35,75,25,30,288,53,255,81,78,149,234,853,120,34,73,42,194,28,148,27,39,427,40,89,79,66,648,245,171,144,31,469,73,260,23,63,32,32,362,18,64,69,129,37,65,60,19,83,62,426,55,46,55,20,67,90,17,36,336,75,52,1064,75,788,130,29,70,50,37,567,273,71,77,167,50,95,63,280,26,48,40,63,230,52,77,19,25,45,17,77,66,967,8,33,0,0,0,45,184,199,21,941,27,39,149,20,15,573,43,31,578,40,173,101,72,121,27,57,45,478,35,73,186,4,607,78,87,72,22,31,212,55,176,15,32,806,142,55,59,334,38,65,39,51,16,23,154,86,34,50
178V,1,12,0,5,26,0,44,0,0,17,18,20,0,0,0,0,0,0,9,0,6,56,0,6,5,0,21,17,10,26,0,31,0,0,0,1,0,0,128,0,7,10,34,0,6,0,0,10,17,7,0,0,0,0,0,10,6,0,18,9,0,62,23,143,11,0,0,0,0,85,35,13,24,8,0,9,5,12,0,0,10,4,64,25,0,0,0,6,0,18,0,222,0,0,0,0,0,0,19,22,0,33,12,0,6,0,0,68,0,8,58,10,13,76,5,0,5,18,0,50,0,0,0,0,23,0,0,0,0,0,74,10,31,0,8,35,0,29,0,10,0,6,0,0,0,0,15,1,0,0
179D,10,31,19,0,97,0,62,19,25,17,84,165,24,4,28,11,16,0,17,15,0,95,9,7,32,10,131,78,44,52,5,110,42,62,0,6,21,0,97,2,17,14,16,4,8,18,12,0,0,0,114,11,7,18,19,8,16,13,83,38,0,282,19,174,35,9,38,0,20,139,30,15,7,41,13,30,10,129,7,6,18,6,60,45,0,0,0,14,0,10,16,150,0,2,33,61,0,0,0,66,0,179,62,23,63,4,12,121,14,0,128,19,54,43,30,15,0,11,10,100,15,12,44,0,64,20,0,13,4,6,184,7,61,0,6,97,26,9,16,94,5,12,0,21,11,13,49,15,3,0
179I,51,69,27,24,323,15,129,27,44,116,273,847,213,26,75,23,199,13,72,16,0,296,82,73,23,66,712,104,259,178,55,580,118,176,30,102,32,20,143,5,85,144,190,71,135,64,18,94,99,286,58,13,52,39,50,119,39,12,486,74,24,698,141,642,91,28,70,54,27,462,163,125,59,237,27,54,97,256,61,33,112,19,158,53,36,29,8,2,38,45,46,448,27,8,242,228,18,0,0,240,25,1106,127,24,245,36,31,419,8,25,496,52,124,297,56,114,7,26,35,345,41,15,235,0,517,37,15,8,16,39,375,4,359,13,29,655,234,97,65,438,58,107,22,49,23,31,331,84,27,25
181C,41,55,48,57,540,77,321,121,190,163,439,1531,318,91,127,101,459,45,269,85,10,402,183,72,218,84,1245,283,396,262,60,758,197,778,151,116,82,102,377,35,151,262,314,20,364,218,61,141,61,1218,58,28,34,31,74,463,156,149,728,89,85,1461,126,619,98,41,80,45,47,822,260,18,35,328,199,137,74,268,103,39,94,57,288,204,34,5,21,43,17,59,123,684,12,17,272,239,21,59,235,0,71,1134,26,78,857,162,11,617,49,20,656,41,172,290,161,308,25,34,46,616,59,55,486,30,1108,77,31,34,16,39,443,17,361,47,51,1393,340,292,290,438,109,621,94,121,18,54,530,323,67,71
184I,6,0,0,0,38,6,36,4,22,7,51,160,21,10,4,0,92,8,7,0,0,39,52,12,15,14,109,12,54,16,32,58,16,7,5,8,4,12,35,0,42,17,3,7,11,4,6,4,8,61,5,0,1,14,0,4,4,11,118,9,0,144,34,73,5,0,7,4,0,71,15,4,5,40,12,12,13,64,6,0,5,6,29,4,0,0,0,6,4,0,0,66,6,0,9,27,0,0,24,74,0,0,7,0,36,23,0,64,7,11,47,28,12,34,23,77,5,4,6,69,0,0,58,0,151,0,12,0,0,0,19,0,16,0,14,153,11,3,0,38,60,20,27,19,4,24,22,12,5,0
184V,107,218,140,129,1237,181,592,182,312,328,988,4109,623,156,384,117,850,120,579,102,71,1298,440,226,199,211,3107,567,688,649,179,2279,359,834,137,247,88,169,1515,61,334,338,765,185,320,343,72,365,249,1772,187,104,203,89,127,435,196,148,1694,172,164,3637,202,2023,356,48,361,217,122,2454,988,169,160,970,217,296,275,1045,117,137,356,135,776,487,115,55,78,108,109,150,116,1690,95,90,526,826,23,113,759,800,0,0,180,153,607,92,56,1568,97,138,1665,121,547,807,317,412,70,76,129,1614,132,166,718,57,2445,126,137,138,102,88,1489,30,904,64,95,3808,616,429,255,1401,133,355,100,151,142,94,830,283,78,171
188L,14,0,13,0,56,8,49,26,23,17,120,328,90,12,51,20,85,4,36,5,0,156,46,5,35,0,272,49,58,78,28,167,24,35,21,41,0,5,59,0,45,27,61,21,26,11,0,28,36,87,36,0,0,5,69,6,40,5,165,18,8,290,15,112,15,0,0,13,0,144,75,20,6,74,21,9,27,133,0,12,52,12,30,9,16,0,0,0,0,16,5,99,0,0,38,37,12,65,126,31,7,284,0,24,39,0,0,123,28,4,138,3,21,76,42,36,0,0,6,120,2,15,103,13,198,12,9,7,6,15,73,20,120,0,0,263,21,31,29,110,36,12,28,46,0,6,117,13,17,20
189I,23,4,12,0,65,1,55,3,22,8,55,238,46,19,39,19,72,0,29,10,0,55,7,5,3,9,151,45,51,11,7,48,18,92,6,26,3,0,62,32,33,45,29,17,31,9,0,0,14,148,10,0,18,13,15,110,8,0,134,0,0,203,4,124,15,0,24,0,20,118,74,11,8,23,0,27,25,99,6,8,4,0,57,4,10,0,0,0,3,0,5,110,3,11,47,55,0,21,25,89,0,243,24,0,87,45,11,54,10,4,94,3,30,48,34,48,0,0,0,105,4,0,76,14,176,0,5,13,0,5,43,5,10,10,8,258,15,8,15,32,16,36,10,22,4,23,24,25,9,7
190A,12,34,64,37,249,31,192,63,87,82,283,968,276,46,75,103,265,25,61,23,10,324,90,42,79,45,1048,136,240,190,44,629,168,377,59,125,35,96,210,38,121,178,118,16,456,172,27,104,61,558,78,30,9,76,66,245,87,66,540,31,20,977,60,441,50,19,80,25,22,543,146,37,47,162,102,63,88,153,64,32,37,53,196,108,41,13,8,12,15,47,67,435,11,15,67,180,7,62,250,903,36,937,37,80,0,0,4,343,6,16,330,27,105,149,121,195,13,15,30,358,29,23,292,13,687,28,23,25,12,5,274,10,316,26,20,859,172,183,134,433,107,233,31,84,10,81,296,91,52,56
190S,12,6,9,0,45,7,34,25,52,0,60,193,20,29,21,7,50,7,53,0,0,34,38,6,37,18,160,37,25,47,14,103,9,93,45,25,16,18,80,6,26,31,29,0,94,104,8,7,3,87,0,0,26,0,27,15,15,52,122,5,0,196,9,79,15,7,0,0,0,70,19,9,0,42,68,10,6,22,12,6,22,0,26,0,13,0,0,10,6,6,30,57,0,4,18,29,0,4,40,179,24,131,0,44,0,0,0,37,24,12,124,18,21,65,38,10,0,16,6,87,7,7,71,0,124,26,0,10,4,0,85,11,67,25,0,172,38,24,52,82,13,51,0,21,5,0,78,24,32,0
195L,12,6,0,8,20,0,8,0,30,7,40,64,21,0,0,13,10,7,33,10,0,52,0,15,9,8,54,33,3,4,0,74,0,14,2,23,0,2,45,5,23,9,15,0,0,5,0,14,6,25,6,0,18,5,0,12,0,2,51,29,0,105,0,100,20,7,14,5,7,90,0,4,3,28,0,9,0,60,0,0,12,8,0,9,0,0,0,0,0,0,0,66,0,0,39,24,0,13,31,12,0,84,0,11,5,0,0,72,0,11,71,2,0,27,3,16,15,7,0,55,0,0,17,13,49,0,0,3,19,12,59,0,20,0,11,66,27,12,0,43,0,5,14,14,0,5,46,9,0,0
196E,41,136,88,66,773,114,602,170,213,206,678,2119,470,170,288,118,639,39,324,60,88,1157,109,123,69,70,2091,323,521,303,67,1149,198,349,67,219,38,83,1080,72,176,198,468,94,140,117,65,220,188,883,120,45,79,96,70,180,49,103,1171,133,112,2153,156,1437,159,57,102,143,90,1427,465,118,107,457,132,159,142,586,56,70,124,139,488,390,56,50,54,99,80,118,139,1214,78,96,362,658,62,99,379,579,56,2013,105,43,292,31,68,0,38,175,743,32,336,417,265,380,35,35,76,884,129,122,671,73,1581,166,262,22,82,61,727,46,541,46,82,1891,327,143,189,895,162,213,117,129,22,84,437,181,69,56
197E,6,6,5,0,91,10,47,16,7,15,69,184,19,0,39,0,44,25,18,23,0,128,30,13,12,0,175,34,2,43,35,134,16,29,21,20,0,17,136,0,20,16,101,5,0,18,0,11,0,90,30,19,5,0,10,0,0,24,66,17,17,178,0,144,20,0,7,9,0,149,68,19,27,38,24,34,3,72,8,23,13,42,42,59,8,0,7,2,0,16,14,100,0,4,17,49,0,14,8,50,7,156,28,10,6,24,0,46,0,0,93,13,54,51,9,32,0,6,7,82,9,7,34,7,120,7,8,19,0,3,127,19,13,3,7,201,18,24,29,66,11,12,7,7,0,0,51,13,0,0
197K,0,9,7,0,25,13,8,6,24,13,29,135,6,8,27,6,54,0,21,8,15,70,11,14,8,13,104,27,53,25,10,84,8,21,3,17,4,0,97,0,0,9,23,9,10,0,0,19,7,92,12,4,8,0,14,8,0,3,63,6,10,209,0,119,57,7,7,0,8,124,30,0,21,50,3,0,12,53,6,8,23,12,14,8,0,6,11,8,3,18,14,106,0,0,15,41,8,0,26,21,11,211,4,4,16,12,11,202,0,0,90,23,38,32,32,21,0,0,6,57,0,14,36,2,103,0,0,13,0,0,53,0,35,4,13,141,27,23,19,34,6,14,6,3,8,0,30,12,0,13
200A,70,94,109,109,692,44,612,126,249,251,473,1556,263,128,139,39,386,103,391,63,71,794,184,133,176,97,1116,369,315,264,92,837,123,449,115,67,31,111,1175,43,190,116,521,172,158,128,61,243,108,1123,115,134,129,79,91,286,81,141,711,190,92,2304,145,1391,188,51,192,85,102,1220,530,132,101,470,178,145,171,970,88,49,151,187,466,377,105,61,113,66,54,145,77,1374,75,43,397,657,52,102,439,599,41,2124,120,82,269,111,59,719,84,75,0,0,0,450,285,264,150,116,106,1211,96,115,384,52,1036,114,85,51,61,87,794,40,341,52,49,1471,202,173,124,506,114,202,91,105,62,55,359,199,38,94
200E,0,19,0,8,40,19,64,0,16,23,32,147,21,6,4,0,71,30,32,14,8,91,9,15,3,13,97,24,13,38,16,94,9,24,14,7,0,0,69,0,10,8,60,8,24,13,5,0,18,47,9,15,37,10,13,5,12,11,115,7,0,203,55,168,30,7,31,4,11,162,26,14,16,95,20,31,42,49,8,9,6,16,41,42,3,4,0,9,0,28,14,134,18,6,13,48,11,20,54,44,29,186,3,3,27,17,2,35,13,23,0,0,0,51,26,56,9,0,11,84,12,30,24,0,101,16,6,11,0,0,121,0,22,5,15,156,15,14,0,56,9,17,7,4,6,10,52,36,0,6
200I,12,339,40,103,238,42,147,17,55,38,142,553,126,17,69,23,122,46,178,39,17,299,49,65,49,9,423,107,105,149,39,387,57,110,14,32,17,24,464,14,54,42,130,41,78,76,6,42,43,249,68,31,34,12,26,49,22,24,267,23,59,749,69,711,115,14,28,36,40,536,207,56,53,244,42,89,60,258,12,21,61,64,210,96,12,38,12,20,27,31,31,401,23,25,122,220,13,52,124,177,14,764,21,30,107,21,0,385,53,36,0,0,0,232,39,51,0,24,91,268,8,32,115,40,336,7,39,47,21,18,372,19,131,6,11,504,45,47,38,234,20,55,15,8,22,19,96,80,40,6
202V,41,116,31,90,439,29,310,63,140,153,319,878,91,46,88,20,193,16,259,25,25,457,142,82,79,53,902,144,183,207,42,683,142,188,137,13,19,108,583,26,126,98,183,54,59,98,23,102,82,405,92,135,75,34,34,80,96,139,493,100,28,1238,87,716,127,12,69,29,49,876,190,141,60,249,155,126,96,222,73,15,30,164,399,206,62,14,41,36,72,68,39,648,2,30,202,120,75,38,292,283,33,1174,69,47,141,59,24,447,50,29,520,49,236,0,45,56,73,27,39,435,36,47,141,42,481,33,53,24,33,16,681,48,354,23,40,665,127,89,82,569,53,89,9,5,6,29,214,47,0,9
203D,19,46,18,22,233,12,87,26,50,46,143,618,126,56,74,49,247,18,27,15,0,221,13,16,19,10,484,42,114,74,10,242,56,85,28,47,11,20,140,51,64,90,112,19,39,61,14,40,17,220,22,37,24,18,21,72,21,27,337,9,15,478,16,227,9,3,25,12,12,237,131,22,27,125,51,20,39,141,13,14,101,10,92,14,18,7,12,18,0,1,13,190,4,3,66,88,5,28,57,174,21,449,41,31,116,36,3,290,8,29,310,25,37,47,0,0,24,0,18,139,9,21,257,0,476,17,0,24,0,0,62,5,131,4,7,574,57,49,46,158,65,138,0,34,11,18,122,51,14,0
203K,23,61,21,14,262,35,163,54,79,56,283,892,193,61,122,27,482,11,102,10,21,264,27,33,16,23,758,86,268,70,5,263,54,281,0,84,20,0,85,31,55,135,111,77,67,38,31,48,32,317,23,6,26,29,36,123,0,8,599,0,13,632,45,165,47,8,31,16,0,391,91,19,8,166,8,19,40,180,29,21,35,34,61,79,6,10,7,6,0,38,20,162,39,19,95,165,0,15,113,335,75,640,36,45,190,11,16,439,29,21,302,57,54,53,0,0,5,20,85,561,12,21,465,6,823,22,18,21,16,1,47,21,51,5,10,906,77,52,101,186,173,77,308,185,0,58,270,165,7,13
204D,0,5,6,4,19,0,41,6,29,23,23,84,0,5,0,0,18,8,47,0,0,33,14,15,13,0,23,21,0,6,6,29,0,0,0,0,8,0,69,0,17,4,21,0,0,15,0,17,14,37,0,0,0,1,0,6,12,0,19,8,4,88,23,97,25,0,0,0,9,74,45,12,9,15,0,0,17,93,0,3,2,33,32,8,16,8,6,9,0,6,17,93,0,0,37,42,4,0,8,25,4,93,0,0,12,0,16,38,0,0,184,8,0,76,25,4,0,13,8,34,0,0,22,0,32,0,3,6,12,0,82,0,17,0,0,63,1,0,0,6,15,0,0,11,5,0,6,7,0,3
207A,5,0,0,5,43,5,63,0,13,75,43,72,11,0,11,0,35,7,16,3,0,71,17,14,26,7,46,21,16,14,0,37,7,6,5,13,0,9,39,0,0,0,60,12,0,9,13,8,8,69,0,5,5,0,5,9,0,9,20,7,9,120,25,128,20,20,0,0,13,49,36,0,5,25,5,5,12,58,11,0,0,14,64,13,7,0,38,13,0,38,5,186,0,0,7,75,15,11,26,34,4,112,0,0,14,17,7,42,6,0,150,0,26,27,0,20,14,0,0,0,0,0,10,11,44,0,7,5,30,0,57,0,5,9,0,59,5,9,6,13,12,0,14,0,4,0,5,19,0,0
207D,12,61,0,2,32,0,41,13,27,21,52,185,46,19,12,7,89,0,29,7,0,89,8,2,0,0,151,23,67,15,5,55,8,66,0,32,8,0,45,0,0,8,64,12,8,21,0,14,12,54,0,0,0,7,5,20,0,8,101,14,23,185,7,89,23,0,9,5,0,95,34,6,0,50,8,16,5,36,23,6,26,9,35,14,0,4,7,0,0,14,10,48,5,0,42,58,0,10,35,49,5,182,6,0,29,5,0,89,7,5,117,10,94,37,16,87,8,0,0,0,0,0,107,0,153,0,0,0,0,0,25,0,27,0,0,177,0,5,20,46,32,24,19,26,0,7,51,34,7,4
207E,50,248,84,74,647,69,459,123,185,241,634,1993,335,133,283,98,542,64,288,56,28,768,212,206,77,105,1445,279,482,274,115,836,167,408,83,132,54,86,703,79,123,157,382,176,135,80,74,125,163,892,121,54,80,46,89,193,41,76,1092,57,68,2042,171,1043,128,22,135,73,45,1211,439,17,60,438,82,134,235,733,29,66,141,103,355,273,122,51,50,34,122,162,191,1151,47,50,399,505,37,72,284,568,66,1986,104,89,312,76,45,820,65,49,1155,63,214,359,121,479,29,0,0,0,0,0,440,42,1490,17,3,8,6,0,639,60,391,18,79,1991,186,87,96,566,122,146,102,133,32,66,443,160,28,79
207H,0,0,0,6,25,5,46,6,22,0,46,63,5,9,4,0,0,6,27,0,0,38,6,12,3,2,88,48,6,20,10,98,13,21,0,5,6,11,86,0,16,11,72,0,11,20,11,12,0,34,5,10,2,10,9,17,0,6,28,7,0,129,15,114,24,15,14,0,0,91,23,5,18,57,12,0,0,37,4,9,12,17,59,38,2,0,15,25,0,0,0,100,0,15,37,44,0,15,41,61,0,171,2,4,28,6,0,151,9,0,103,12,8,40,9,12,0,0,0,0,0,0,9,7,44,0,0,2,0,10,47,0,9,4,7,54,16,19,9,73,0,16,0,0,0,7,21,5,5,0
207K,0,25,10,8,58,10,62,14,23,35,55,121,12,6,12,12,43,16,44,0,17,71,10,11,9,6,165,19,18,51,23,108,23,29,7,0,5,8,165,0,31,35,41,17,7,6,0,17,12,110,0,5,0,8,0,0,0,15,66,15,21,274,4,100,26,3,9,16,0,115,76,7,29,27,19,16,38,97,6,0,10,15,58,53,0,12,5,29,35,13,0,125,11,0,44,106,0,12,16,57,0,236,15,0,23,7,0,135,7,13,135,32,33,47,23,21,0,0,0,0,0,0,40,6,83,180,22,62,47,34,75,4,33,8,0,127,15,28,7,68,11,39,6,32,0,8,24,24,18,0
208Y,27,68,24,0,463,67,310,86,148,137,505,1858,508,124,221,214,857,19,76,13,15,505,45,31,0,24,1661,43,528,133,16,518,202,317,12,203,24,19,171,46,44,225,140,92,97,72,9,118,45,467,62,66,26,68,118,172,11,21,1171,47,65,1171,67,468,49,10,33,31,16,517,162,43,30,215,29,37,53,188,69,49,74,15,182,141,23,5,14,16,4,51,16,465,63,34,207,224,0,38,213,475,47,1037,95,65,274,64,16,708,30,29,395,26,103,139,242,427,22,9,101,485,8,36,0,14,1565,16,0,24,0,5,57,21,373,0,2,1625,333,97,305,412,207,185,212,267,4,79,478,185,16,33
210F,0,35,0,4,22,0,31,8,0,17,12,115,5,0,0,0,13,0,32,9,10,49,7,0,10,9,61,9,9,31,8,59,8,33,0,0,0,0,46,0,14,8,27,9,0,12,0,10,36,49,0,8,0,0,13,9,0,0,23,6,19,136,14,95,15,4,14,0,0,57,24,5,7,46,5,6,5,62,16,5,0,0,51,64,0,0,0,0,7,0,0,67,0,0,5,8,0,0,0,32,0,79,13,14,14,0,12,89,7,2,61,0,41,45,0,6,0,10,0,53,8,6,14,0,0,0,0,2,3,19,0,5,35,0,0,88,20,14,5,28,6,0,6,0,0,0,10,11,0,0
210W,58,158,57,55,740,115,562,157,261,212,1113,5035,1037,266,615,305,1536,48,279,69,53,950,213,126,12,130,2721,326,784,103,126,494,273,688,39,310,50,42,714,117,150,332,455,198,225,144,39,202,96,1179,103,114,79,76,138,333,18,26,2521,92,117,2866,159,1103,158,49,96,125,40,1431,497,83,111,571,28,164,142,590,112,73,205,41,385,271,65,37,42,44,36,109,83,944,59,43,449,556,16,44,372,830,104,2696,136,113,475,90,35,1278,87,59,863,69,240,354,370,542,26,33,95,1289,32,56,1148,0,0,43,7,58,24,22,71,93,179,0,53,4993,363,192,410,240,327,272,201,246,9,105,678,370,49,81
211A,5,12,11,7,67,9,9,22,13,37,58,101,23,8,11,5,42,12,43,0,0,78,6,7,34,21,135,39,20,32,0,79,40,27,21,0,0,22,59,0,7,16,5,17,17,6,0,16,37,97,0,19,7,6,0,21,14,29,46,5,9,156,0,54,34,0,0,11,12,29,87,15,0,55,34,21,10,46,5,15,11,7,19,44,20,0,19,10,6,22,12,61,0,0,32,104,0,19,39,84,0,183,11,0,27,26,0,185,7,0,130,16,6,34,16,23,0,0,0,22,0,182,15,0,67,0,0,0,0,0,41,7,32,0,0,78,7,26,13,55,13,27,0,11,0,6,38,18,6,5
211G,4,9,6,14,63,9,60,13,16,28,33,42,16,0,0,0,0,8,18,4,17,52,22,8,27,0,84,86,8,3,11,98,0,23,42,0,4,45,146,0,21,4,68,0,0,18,20,32,11,72,5,13,0,4,4,5,11,45,76,21,9,185,0,138,21,9,28,32,17,176,78,31,18,63,45,45,35,163,0,4,32,15,71,10,12,11,12,33,32,28,4,158,0,12,71,111,0,0,14,32,12,213,9,4,22,0,0,290,8,0,103,6,40,54,0,18,4,8,0,3,0,21,0,0,12,0,0,0,0,0,174,5,14,8,12,62,7,36,0,61,2,20,0,0,0,0,0,11,4,7
211Q,0,16,0,13,65,0,32,9,18,14,57,140,33,5,5,4,19,6,45,2,6,44,4,15,14,7,81,20,16,11,27,87,5,32,13,3,0,0,75,0,38,19,40,23,12,9,0,6,17,77,8,5,18,12,0,15,9,2,28,20,4,136,4,114,0,3,19,14,11,80,62,12,2,48,11,21,13,78,0,0,14,14,39,34,9,0,11,14,5,7,0,130,2,13,49,102,0,12,7,38,0,197,7,13,23,10,3,26,17,12,56,12,45,23,25,21,6,4,0,13,2,60,24,2,73,0,0,0,0,0,100,0,19,10,10,147,21,5,5,45,0,23,0,7,0,0,5,19,0,0
211S,0,0,10,0,33,7,13,7,9,38,40,63,0,7,0,0,8,7,30,4,0,68,15,13,0,3,93,23,8,21,0,90,3,10,0,19,0,0,79,0,13,4,54,0,6,10,5,4,10,65,0,8,7,8,6,3,0,2,36,17,0,157,0,76,7,12,4,0,0,123,23,0,16,28,2,9,8,51,0,9,0,0,27,27,0,0,9,6,0,10,0,78,0,0,14,36,0,4,16,17,0,136,6,0,12,4,19,88,0,0,70,0,20,34,0,15,12,30,0,6,0,46,0,3,25,0,0,0,0,0,60,0,37,8,5,57,16,13,2,44,0,3,11,0,0,0,9,8,9,7
211T,21,22,0,3,32,0,46,0,15,8,46,103,7,15,3,7,3,7,5,5,9,84,14,0,11,10,75,43,13,36,0,84,0,17,16,12,0,11,63,0,24,0,41,11,16,24,9,24,5,75,4,14,0,10,11,12,0,23,58,43,7,136,0,77,24,0,0,0,0,99,36,25,25,27,23,0,0,54,0,3,28,18,8,0,0,3,12,0,2,10,29,70,0,0,40,46,0,6,40,42,0,127,15,4,5,0,12,74,2,0,105,0,19,16,0,1,0,0,0,0,10,35,5,19,36,0,0,0,0,0,84,0,12,13,6,82,26,12,0,67,0,8,0,7,13,0,32,7,0,0
214L,53,114,61,75,812,43,465,101,146,192,455,413,39,27,41,0,34,76,281,87,38,666,255,130,187,126,1142,327,291,554,96,1669,69,258,212,15,61,174,342,27,87,127,245,73,54,100,22,113,125,741,332,99,126,59,156,162,118,227,1151,126,62,1750,106,1119,201,38,88,35,122,1729,272,113,142,300,329,184,108,199,71,55,132,335,426,242,71,16,67,44,86,106,125,1055,48,40,335,250,62,160,319,397,18,1872,60,34,245,66,56,725,105,46,821,103,339,641,64,36,76,54,24,700,39,64,49,0,86,37,152,80,54,66,0,19,522,137,69,170,267,121,9,1250,36,234,0,40,21,51,467,143,35,115
215D,0,9,17,6,41,0,17,0,9,6,10,175,0,3,11,0,7,0,10,0,0,105,11,5,13,5,73,27,46,7,5,15,13,22,11,5,0,0,65,0,22,0,41,4,0,22,0,0,0,34,12,0,0,0,20,9,0,11,82,0,11,84,0,71,6,0,9,0,6,41,58,0,10,34,11,10,12,81,5,0,0,0,42,19,18,0,0,7,7,9,7,82,0,0,8,66,10,7,5,20,0,53,22,5,10,11,0,54,20,0,52,0,18,52,7,21,0,0,0,72,0,4,23,6,125,7,5,0,0,0,23,0,0,0,0,0,0,0,7,0,3,0,10,7,0,0,0,3,0,5
215F,37,55,24,15,552,24,192,99,98,96,300,987,107,56,79,6,25,17,81,4,11,527,70,52,5,79,1682,95,407,451,23,1683,225,145,26,67,35,16,159,13,99,158,164,78,96,99,9,81,108,521,88,124,44,40,3,108,46,41,495,20,73,917,55,572,71,12,98,34,16,677,254,61,24,219,85,100,83,133,70,40,156,46,197,84,63,2,8,8,22,33,51,481,21,9,121,187,28,54,306,337,15,1157,105,9,288,57,18,536,11,29,345,18,125,320,124,44,13,5,25,420,9,28,349,30,215,27,13,16,37,9,543,0,0,0,0,0,513,258,7,1416,2,50,12,43,10,21,599,53,29,33
215I,8,0,0,5,77,3,36,8,9,0,27,6,3,0,6,0,0,4,27,9,5,24,5,5,0,27,217,5,29,43,17,239,3,16,0,0,5,0,27,0,10,24,35,12,17,15,8,22,8,115,22,23,12,0,3,27,3,6,42,0,9,129,10,71,14,0,10,0,0,106,11,14,4,6,11,6,0,11,0,6,10,6,15,3,6,4,0,0,0,0,0,66,2,0,9,22,0,0,14,43,0,83,0,10,23,25,0,48,3,3,59,5,6,24,5,4,0,9,0,16,2,8,0,0,0,0,8,10,8,12,157,0,0,0,0,0,7,68,0,173,0,11,0,0,0,0,37,23,0,24
215S,0,6,0,0,55,6,37,6,20,20,51,118,0,7,2,0,2,6,19,6,8,56,12,20,3,7,149,40,11,35,7,141,3,25,20,0,0,6,62,0,29,23,41,20,17,8,0,10,11,64,36,8,16,4,0,6,6,6,33,7,12,116,15,129,16,6,6,0,5,113,35,9,13,31,6,38,18,36,0,11,5,17,41,33,0,0,5,11,0,17,0,127,10,4,44,40,7,6,28,48,17,135,0,8,17,0,10,86,6,13,57,13,10,39,7,10,0,0,0,85,6,0,2,0,68,0,11,8,5,7,73,0,0,0,0,0,18,9,0,86,15,0,0,0,8,4,22,5,0,11
215Y,71,218,49,85,889,113,561,157,265,237,1025,5560,837,239,504,236,1256,61,334,73,56,929,264,128,2,118,2643,350,636,154,196,758,233,696,27,248,60,47,994,126,171,304,550,161,246,195,38,237,150,1302,93,114,112,95,113,296,40,42,2013,102,91,2996,171,1457,207,54,154,140,41,1625,651,124,117,693,44,199,165,860,98,60,241,45,444,275,51,41,41,58,38,105,91,1181,55,73,470,620,23,50,397,864,92,3352,150,133,499,103,45,1222,112,79,996,93,303,422,341,487,50,39,101,1389,31,77,924,49,3921,48,42,95,36,47,123,0,0,0,0,0,317,251,326,337,275,256,166,219,21,100,597,352,40,89
218E,33,39,11,26,332,33,178,46,91,45,274,859,123,56,79,17,224,26,73,0,11,624,58,72,17,130,1197,100,217,285,0,1042,188,238,28,122,56,54,117,0,48,107,109,103,96,65,0,41,37,340,65,54,55,36,27,110,31,37,466,30,25,752,32,240,68,6,41,34,14,401,197,23,10,100,52,52,52,91,15,51,68,39,128,102,18,10,0,19,4,57,51,262,50,29,74,168,0,21,209,334,11,865,17,14,156,32,23,343,15,20,209,11,40,118,51,75,1,5,0,196,14,10,335,18,487,7,6,19,17,23,293,0,529,8,18,534,0,107,70,987,69,62,17,0,0,25,391,24,21,32
219E,22,36,27,21,178,14,108,28,34,44,134,437,37,6,9,14,37,8,60,21,20,193,26,47,61,64,762,190,17,146,5,853,54,97,71,20,4,68,103,7,57,62,105,41,101,59,7,25,43,303,21,21,13,8,35,107,62,71,153,30,37,451,10,228,27,7,24,33,0,312,141,12,22,98,107,13,27,155,13,34,109,13,52,62,14,0,7,13,8,28,23,176,7,20,13,68,29,8,95,315,3,647,28,8,179,24,12,160,25,23,203,14,50,98,51,50,0,9,7,106,19,28,93,14,265,26,33,5,13,12,151,0,278,74,11,404,120,0,0,0,0,53,14,8,28,13,214,108,0,28
219N,3,34,0,5,131,16,85,26,51,10,217,625,205,57,82,120,283,0,11,11,0,149,13,16,16,42,490,62,42,4,0,36,115,200,7,55,24,7,60,2,17,33,66,87,92,21,22,15,14,256,19,0,0,15,18,68,20,8,453,21,18,449,36,92,11,4,7,0,14,190,64,6,2,55,8,22,18,73,13,17,33,3,35,19,20,5,1,7,0,22,7,170,12,18,19,80,0,16,62,298,0,400,28,14,124,47,0,217,26,18,127,0,33,83,46,96,0,6,14,104,8,7,332,4,601,13,0,4,2,0,12,7,7,0,0,616,77,0,0,0,0,72,69,14,0,17,84,54,28,27
219Q,45,99,23,35,816,14,257,131,194,151,555,938,101,64,92,0,123,65,148,74,30,1114,86,87,36,175,3082,105,536,852,51,3206,258,256,84,80,61,68,279,17,222,169,235,75,131,162,27,106,158,718,241,245,95,56,37,118,42,87,709,74,85,1374,98,895,157,15,120,72,13,1049,352,107,24,234,130,126,123,149,81,91,207,62,337,195,74,11,16,43,37,37,75,844,49,29,229,394,9,78,366,391,37,1821,91,27,372,65,36,897,58,27,505,47,215,495,141,164,6,10,36,591,70,57,358,24,272,45,55,42,41,55,1271,0,1382,160,84,526,908,0,0,0,0,133,27,53,25,19,874,103,48,64
219R,13,9,0,6,132,20,84,48,22,7,138,510,128,37,99,63,300,14,19,3,24,135,12,0,14,46,352,24,196,42,5,17,19,103,12,39,8,9,37,14,27,39,59,19,32,27,0,18,12,202,6,6,12,51,36,95,0,0,445,0,2,340,27,127,47,0,13,13,0,184,31,0,0,96,7,30,7,99,21,0,19,14,60,57,0,7,0,3,2,24,6,93,15,11,50,42,0,5,57,113,61,217,36,16,106,13,0,196,11,6,143,9,22,54,69,177,15,11,32,152,0,11,233,6,478,13,2,0,0,0,43,2,2,0,14,502,74,0,0,0,0,87,73,111,4,71,95,93,0,14
221Y,7,26,22,13,245,25,119,71,47,35,191,502,123,29,58,39,185,7,93,0,27,153,70,19,102,23,471,140,131,91,7,198,100,309,56,33,39,46,132,52,69,62,131,74,65,89,20,89,16,495,14,0,35,48,53,323,99,54,280,36,14,532,29,153,62,0,34,28,27,289,108,30,10,144,84,55,32,149,27,25,61,34,94,51,28,7,0,19,9,21,40,216,24,9,99,88,5,12,108,663,20,538,11,34,238,51,5,249,13,15,228,17,56,95,145,81,0,0,27,183,16,37,202,0,396,27,21,23,4,9,260,0,57,13,0,479,63,52,76,146,86,0,0,18,5,78,112,113,30,31
223E,9,8,6,0,85,28,45,32,46,15,113,340,90,33,14,36,203,9,50,0,13,99,29,17,0,16,274,9,129,16,0,37,36,129,9,32,17,0,36,8,34,42,24,51,27,9,5,26,13,117,0,0,0,18,18,38,0,0,267,0,0,209,14,108,5,0,0,5,7,133,17,6,0,32,0,0,6,41,21,3,0,0,38,33,0,5,0,0,0,8,0,54,15,13,34,54,0,0,23,101,26,183,30,10,34,0,14,144,7,6,110,7,18,9,0,321,0,14,22,136,0,6,238,6,333,0,0,0,12,0,0,10,17,0,0,337,17,15,77,32,74,0,0,0,0,51,109,117,7,8
223Q,0,9,3,0,98,10,71,22,17,17,127,440,91,29,123,22,246,0,18,7,12,102,14,5,3,11,304,25,93,40,0,68,40,151,3,21,0,7,25,5,9,29,47,30,37,20,0,41,3,112,11,12,10,4,43,61,8,3,355,0,19,273,18,121,15,10,0,13,4,151,52,7,10,82,3,0,0,99,10,20,15,6,71,20,1,0,7,6,0,12,19,78,18,14,64,67,0,21,52,126,19,230,46,21,79,21,13,152,7,3,117,5,8,5,35,192,12,0,26,150,0,31,286,0,375,12,0,7,0,6,45,6,51,0,0,408,0,9,18,65,114,19,0,0,0,8,104,141,13,0
225H,0,8,0,4,22,0,5,0,2,6,26,60,4,0,0,4,13,0,6,14,0,17,14,7,0,10,30,5,19,36,6,77,20,18,5,0,5,0,21,0,33,4,38,6,7,23,5,6,7,263,3,4,4,8,0,40,0,13,38,0,5,133,5,74,22,0,23,29,0,50,13,0,0,61,13,12,11,36,0,8,32,0,7,5,5,0,3,8,0,0,0,50,0,0,8,23,0,11,25,19,4,209,0,4,10,5,0,23,0,8,74,6,23,8,12,0,5,4,0,36,0,0,4,0,9,0,0,0,0,13,22,0,11,0,10,28,0,28,0,29,4,5,0,0,0,0,11,38,3,31
227L,0,7,16,0,57,6,41,18,6,9,76,190,29,21,32,18,87,0,14,0,0,68,13,0,23,10,173,38,74,22,0,59,22,67,17,18,11,11,45,13,17,19,34,3,25,19,5,8,31,87,0,0,6,167,0,79,34,17,140,13,0,196,27,96,10,10,15,11,0,91,31,3,0,32,23,0,14,30,6,9,6,3,43,4,5,5,0,0,0,0,5,52,15,0,36,33,0,14,31,62,25,160,6,23,86,0,5,101,0,0,69,10,21,30,21,67,0,0,7,88,7,8,91,0,170,6,0,0,0,0,58,0,23,0,4,194,26,13,20,21,74,79,52,9,0,0,30,29,6,8
228H,68,58,27,18,379,25,215,77,180,82,471,1312,334,77,152,53,275,29,67,32,16,558,174,82,12,73,1272,89,433,283,94,1085,184,293,56,133,37,32,135,21,58,181,198,116,88,123,36,86,62,601,99,79,41,39,56,189,41,46,887,57,45,1061,57,366,95,6,66,65,15,569,215,24,25,184,79,88,58,212,94,57,179,58,183,99,35,0,9,10,32,42,48,415,21,43,117,185,15,44,314,527,24,1133,104,23,278,76,43,468,47,28,414,49,93,208,118,251,7,5,50,481,21,22,462,9,872,37,0,5,9,31,507,0,632,34,20,936,399,194,83,952,84,103,94,96,11,28,0,0,15,63
228R,0,23,0,21,138,33,105,19,14,4,128,566,206,30,62,85,214,9,81,16,18,118,90,21,34,22,175,39,122,61,10,212,20,159,38,37,3,24,112,10,40,29,109,74,38,55,11,36,52,440,24,12,19,13,31,121,22,25,328,14,23,375,22,226,31,4,23,6,0,283,84,23,25,166,42,18,27,152,9,16,51,4,61,49,19,0,0,23,14,0,15,189,5,0,66,114,1,14,82,339,13,419,13,25,89,24,9,211,14,11,217,38,83,44,52,163,7,17,33,175,5,23,198,11,512,18,11,18,9,6,162,3,60,21,6,589,29,102,60,113,94,114,110,142,36,28,0,0,11,15
237E,9,15,16,0,39,0,11,20,6,0,50,99,25,0,0,8,29,6,21,0,0,46,0,0,4,16,94,49,20,26,0,47,4,56,0,11,0,0,42,0,11,10,31,16,31,8,6,13,23,89,8,0,0,6,22,38,0,0,40,0,9,127,9,32,0,18,5,4,0,70,43,19,15,16,0,9,11,31,0,0,20,17,4,17,0,0,14,0,0,0,13,89,0,0,12,44,0,3,26,70,5,109,17,9,55,32,0,81,0,0,40,0,41,0,15,7,0,0,7,28,5,18,23,0,76,5,4,0,10,0,40,0,36,0,0,86,23,0,34,56,0,30,7,13,3,6,14,13,0,0
238T,0,2,7,0,89,8,17,7,28,23,88,169,24,10,13,6,32,9,20,0,0,79,5,0,29,30,137,46,25,44,0,138,28,52,15,18,5,17,34,0,10,33,18,9,25,23,9,5,22,314,0,0,20,6,0,79,10,17,92,0,2,175,16,105,11,0,23,32,5,135,40,4,15,51,17,18,9,43,5,3,30,8,37,19,5,11,0,16,10,18,5,89,8,0,18,64,0,0,25,80,0,247,20,6,58,0,0,57,0,13,117,6,7,13,0,14,2,0,5,95,0,0,38,0,120,5,7,0,7,0,127,5,34,28,11,150,37,28,27,77,14,30,8,0,31,8,72,15,0,0
