        Rep Laws Crit Phil Pol Soph Tim
uuuuu   42   91    5   24  13   26  18
-uuuu   60  144    3   27  19   33  30
u-uuu   64   72    3   20  24   31  46
uu-uu   72   98    2   25  20   24  14
uuu-u   79  113   10   38  25   22  26
uuuu-   76  144    6   46  22   23  27
--uuu   79  102    5   41  25   30  26
-u-uu   83   68    3   14  18   37  26
-uu-u  106   23    2    7   3   19  13
-uuu-  174  333    9   62  31   21  25
u--uu  125  129    4   64  41   30  26
u-u-u   98   38    4    6   7   15  17
u-uu-  174   42    3    7   8   28  21
uu--u   98   57    4   30  24   28  23
uu-u-  166  113    5   18  23   28  17
uuu--   94  216   10   52  34   47  30
---uu  110  159    4   53  53   48  23
--u-u  113   53    3    7  21   24  25
--uu-  128   38    1    4   5   21  25
-u--u   76   87    3   11  26   34  25
-u-u-  242   91    2   27  14   19  23
-uu--  159   23    7    7   6   28  21
uu---  106  110    2   25  35   31  23
u-u--  159   45    4   12   8   12  25
u--u-  181  310    8   51  35   42  23
u---u   91   72    5   32  19   23  17
u----  132  155    3   32  29   27  18
-u---  151  140    7   32  38   32  23
--u--  155   79    9   22  16   38  49
---u-  155  333    3   86  52   43  29
----u   76  113    5   28  22   24  17
-----  159  197    6   47  56   31  14
